5.51371E+001   
5.61830E+001   
5.63267E+001   
5.58554E+001   
5.21612E+001   
5.22144E+001   
5.30672E+001   
5.03621E+001   
5.30832E+001   
5.72046E+001   
5.34368E+001   
5.43504E+001   
5.81614E+001   
5.52427E+001   
5.42164E+001   
5.48378E+001   
5.66483E+001   
5.48618E+001   
5.24522E+001   
5.17508E+001   
5.06537E+001   
5.23520E+001   
5.08124E+001   
4.91766E+001   
5.04260E+001   
5.03622E+001   
4.96608E+001   
4.67839E+001   
4.49946E+001   
4.28569E+001   
3.39715E+001   
3.55434E+001   
4.47202E+001   
5.01159E+001   
4.96559E+001   
4.76428E+001   
5.23292E+001   
5.28354E+001   
4.81724E+001   
4.80244E+001   
4.96548E+001   
5.12036E+001   
5.49598E+001   
5.47447E+001   
5.41366E+001   
5.33396E+001   
5.26272E+001   
5.57891E+001   
5.70049E+001   
5.57454E+001   
5.86699E+001   
6.07277E+001   
5.75633E+001   
5.48653E+001   
5.53943E+001   
5.66532E+001   
5.79389E+001   
5.91882E+001   
5.66845E+001   
5.55752E+001   
5.66244E+001   
5.65228E+001   
5.67560E+001   
5.55172E+001   
5.55948E+001   
5.57448E+001   
5.50108E+001   
5.65922E+001   
5.64445E+001   
5.61011E+001   
5.53145E+001   
5.46125E+001   
5.59130E+001   
5.52848E+001   
5.49036E+001   
5.60304E+001   
5.54027E+001   
5.57501E+001   
5.64240E+001   
5.51301E+001   
5.43004E+001   
5.41251E+001   
5.50413E+001   
5.48671E+001   
5.27820E+001   
5.10736E+001   
4.63093E+001   
4.53175E+001   
4.99346E+001   
5.09516E+001   
5.16688E+001   
5.08192E+001   
4.86383E+001   
4.95871E+001   
5.13966E+001   
5.12742E+001   
5.11673E+001   
5.13753E+001   
4.84954E+001   
4.80453E+001   
4.74360E+001   
4.58781E+001   
4.68159E+001   
4.74621E+001   
4.69864E+001   
4.71776E+001   
4.90141E+001   
4.88277E+001   
4.66337E+001   
4.72011E+001   
4.79437E+001   
4.77943E+001   
4.75388E+001   
4.64390E+001   
4.49142E+001   
4.46877E+001   
4.39012E+001   
4.01626E+001   
3.88300E+001   
4.05455E+001   
4.31546E+001   
4.43779E+001   
4.44343E+001   
4.42554E+001   
4.53134E+001   
4.55580E+001   
4.22376E+001   
4.01794E+001   
4.28859E+001   
4.47420E+001   
4.49956E+001   
4.55468E+001   
4.37094E+001   
4.15112E+001   
4.18285E+001   
4.39598E+001   
4.45750E+001   
4.34733E+001   
4.34834E+001   
4.29429E+001   
4.12725E+001   
4.09061E+001   
4.24004E+001   
4.19497E+001   
4.17216E+001   
4.27383E+001   
4.25857E+001   
4.18361E+001   
4.14716E+001   
4.13526E+001   
4.11947E+001   
4.13561E+001   
4.12596E+001   
4.12499E+001   
4.16086E+001   
4.14836E+001   
4.06121E+001   
3.99803E+001   
3.94498E+001   
3.91097E+001   
3.94186E+001   
3.97936E+001   
3.95544E+001   
3.98073E+001   
4.00919E+001   
3.92025E+001   
3.78866E+001   
3.84520E+001   
3.88876E+001   
3.83135E+001   
3.81131E+001   
3.75352E+001   
3.83288E+001   
3.91794E+001   
3.87306E+001   
3.80108E+001   
3.78566E+001   
3.80928E+001   
3.74175E+001   
3.72044E+001   
3.76780E+001   
3.76155E+001   
3.78990E+001   
3.79851E+001   
3.75984E+001   
3.69213E+001   
3.62225E+001   
3.64219E+001   
3.56854E+001   
3.19128E+001   
3.17437E+001   
3.41167E+001   
3.38423E+001   
3.41746E+001   
3.39890E+001   
3.35991E+001   
3.41809E+001   
3.42608E+001   
3.42227E+001   
3.42947E+001   
3.41034E+001   
3.38875E+001   
3.36456E+001   
3.39319E+001   
3.44519E+001   
3.43932E+001   
3.39674E+001   
3.39831E+001   
3.36885E+001   
3.32036E+001   
3.27898E+001   
3.27677E+001   
3.26111E+001   
3.15402E+001   
3.13985E+001   
3.18012E+001   
3.10811E+001   
3.06596E+001   
3.17138E+001   
3.20529E+001   
3.19388E+001   
3.19488E+001   
3.15599E+001   
3.09767E+001   
3.02799E+001   
3.00520E+001   
3.03956E+001   
3.05889E+001   
3.02972E+001   
3.01693E+001   
3.00671E+001   
2.96585E+001   
2.96140E+001   
2.97911E+001   
2.97879E+001   
2.98004E+001   
2.95254E+001   
2.96507E+001   
2.99303E+001   
2.96751E+001   
2.92794E+001   
2.89642E+001   
2.89727E+001   
2.89617E+001   
2.88404E+001   
2.85244E+001   
2.78323E+001   
2.72907E+001   
2.73032E+001   
2.66902E+001   
2.69374E+001   
2.74691E+001   
2.72903E+001   
2.76291E+001   
2.73148E+001   
2.64784E+001   
2.35928E+001   
2.34951E+001   
2.64965E+001   
2.69739E+001   
2.70747E+001   
2.73608E+001   
2.73774E+001   
2.71016E+001   
2.67297E+001   
2.69328E+001   
2.67495E+001   
2.65984E+001   
2.67890E+001   
2.66767E+001   
2.65525E+001   
2.61653E+001   
2.59809E+001   
2.62372E+001   
2.61858E+001   
2.58938E+001   
2.58120E+001   
2.57780E+001   
2.56465E+001   
2.55013E+001   
2.53337E+001   
2.52606E+001   
2.52453E+001   
2.52257E+001   
2.48971E+001   
2.45177E+001   
2.37835E+001   
1.99220E+001   
1.93422E+001   
2.13162E+001   
2.13997E+001   
2.20508E+001   
2.21645E+001   
2.19949E+001   
2.13661E+001   
2.14712E+001   
2.22452E+001   
2.28133E+001   
2.27532E+001   
2.22511E+001   
2.15826E+001   
2.10654E+001   
2.10293E+001   
2.16836E+001   
2.21889E+001   
2.18887E+001   
2.17283E+001   
2.18004E+001   
2.18538E+001   
2.17494E+001   
2.17553E+001   
2.17428E+001   
2.15389E+001   
2.12886E+001   
2.10734E+001   
2.07674E+001   
1.97048E+001   
1.71772E+001   
1.50969E+001   
1.52209E+001   
1.53408E+001   
1.69529E+001   
1.87191E+001   
1.77104E+001   
1.65251E+001   
1.61879E+001   
1.62744E+001   
1.60391E+001   
1.66436E+001   
1.66278E+001   
1.62230E+001   
1.65283E+001   
1.70659E+001   
1.81476E+001   
1.88596E+001   
1.87711E+001   
1.83736E+001   
1.86120E+001   
1.86347E+001   
1.83975E+001   
1.86075E+001   
1.85399E+001   
1.83354E+001   
1.88615E+001   
1.89059E+001   
1.87831E+001   
1.89234E+001   
1.88342E+001   
1.87853E+001   
1.85280E+001   
1.84816E+001   
1.84507E+001   
1.82753E+001   
1.83653E+001   
1.84403E+001   
1.83190E+001   
1.81219E+001   
1.80173E+001   
1.78445E+001   
1.50332E+001   
8.05178E+000   
5.69996E+000   
9.07779E+000   
9.62464E+000   
9.80527E+000   
1.16310E+001   
1.28396E+001   
1.44679E+001   
1.60886E+001   
1.64794E+001   
1.66365E+001   
1.67388E+001   
1.65905E+001   
1.67274E+001   
1.66565E+001   
1.64404E+001   
1.65999E+001   
1.65573E+001   
1.65124E+001   
1.64995E+001   
1.63243E+001   
1.62428E+001   
1.62275E+001   
1.60278E+001   
1.59611E+001   
1.58821E+001   
1.57320E+001   
1.56307E+001   
1.53958E+001   
1.51061E+001   
1.49999E+001   
1.48148E+001   
1.47087E+001   
1.46967E+001   
1.45081E+001   
1.47404E+001   
1.45218E+001   
1.43857E+001   
1.46862E+001   
1.47288E+001   
1.43474E+001   
1.41204E+001   
1.42185E+001   
1.40443E+001   
1.39257E+001   
1.41075E+001   
1.43557E+001   
1.42484E+001   
1.39689E+001   
1.36801E+001   
1.36274E+001   
1.34826E+001   
1.30149E+001   
1.21790E+001   
1.15086E+001   
1.08453E+001   
1.02539E+001   
1.04759E+001   
1.05416E+001   
1.06232E+001   
1.12228E+001   
1.19227E+001   
1.12568E+001   
9.39865E+000   
1.01875E+001   
1.18627E+001   
1.20001E+001   
1.15925E+001   
1.12782E+001   
1.11009E+001   
1.08375E+001   
1.12636E+001   
1.12927E+001   
1.11972E+001   
1.14492E+001   
1.16090E+001   
1.17650E+001   
1.19484E+001   
1.20214E+001   
1.20579E+001   
1.22003E+001   
1.21739E+001   
1.20854E+001   
1.20403E+001   
1.19820E+001   
1.21367E+001   
1.21517E+001   
1.20067E+001   
1.19935E+001   
1.16978E+001   
1.11878E+001   
1.12288E+001   
1.15593E+001   
1.15176E+001   
9.82708E+000   
9.83079E+000   
1.15310E+001   
1.16736E+001   
1.15286E+001   
1.14176E+001   
1.14329E+001   
1.13467E+001   
1.13337E+001   
1.13988E+001   
1.14056E+001   
1.12062E+001   
9.74986E+000   
9.60575E+000   
1.08111E+001   
1.08120E+001   
1.08725E+001   
1.09392E+001   
1.09453E+001   
1.09085E+001   
1.07792E+001   
1.06059E+001   
1.06119E+001   
1.07280E+001   
1.07200E+001   
1.06078E+001   
1.03357E+001   
1.02807E+001   
1.02972E+001   
1.03554E+001   
1.03879E+001   
1.03383E+001   
9.98408E+000   
9.90039E+000   
1.01432E+001   
1.01372E+001   
1.01721E+001   
1.00797E+001   
9.83453E+000   
9.35474E+000   
8.85067E+000   
8.33598E+000   
7.53012E+000   
7.12117E+000   
7.33419E+000   
6.85168E+000   
6.17357E+000   
5.97439E+000   
6.38048E+000   
7.67226E+000   
8.38599E+000   
8.41146E+000   
7.97365E+000   
7.06580E+000   
6.35685E+000   
6.34692E+000   
6.21961E+000   
6.55772E+000   
7.11165E+000   
5.78565E+000   
6.03613E+000   
6.19328E+000   
6.13494E+000   
6.26637E+000   
5.98959E+000   
6.92303E+000   
7.55544E+000   
7.30108E+000   
7.07683E+000   
7.18838E+000   
6.61141E+000   
6.77183E+000   
6.99039E+000   
6.78595E+000   
5.68239E+000   
4.61436E+000   
4.30586E+000   
3.23706E+000   
2.20185E+000   
1.90927E+000   
1.37548E+000   
1.64734E+000   
2.15872E+000   
1.85464E+000   
1.78943E+000   
3.23071E+000   
3.93633E+000   
3.27937E+000   
3.22643E+000   
3.18042E+000   
2.37603E+000   
2.19075E+000   
2.82463E+000   
2.63891E+000   
2.60382E+000   
2.99618E+000   
2.95372E+000   
3.20715E+000   
3.01681E+000   
2.71221E+000   
3.11897E+000   
2.84494E+000   
2.78023E+000   
3.59076E+000   
4.03696E+000   
3.23740E+000   
3.09792E+000   
3.92798E+000   
3.67836E+000   
3.92338E+000   
4.39875E+000   
4.29245E+000   
4.28961E+000   
4.93021E+000   
5.78016E+000   
5.94578E+000   
6.08157E+000   
5.93245E+000   
5.94393E+000   
5.51376E+000   
5.27005E+000   
5.25106E+000   
5.04763E+000   
5.60020E+000   
5.76896E+000   
5.43446E+000   
5.57914E+000   
5.99755E+000   
6.08690E+000   
6.17134E+000   
6.42792E+000   
6.37405E+000   
6.57542E+000   
6.60844E+000   
6.61884E+000   
6.71085E+000   
6.60683E+000   
6.63733E+000   
6.68034E+000   
6.69922E+000   
6.75637E+000   
6.74606E+000   
6.72394E+000   
6.71450E+000   
6.67471E+000   
6.62735E+000   
6.60632E+000   
6.56517E+000   
6.47984E+000   
6.46873E+000   
6.40514E+000   
6.16214E+000   
6.20405E+000   
6.42486E+000   
6.39932E+000   
6.31194E+000   
6.32038E+000   
6.36377E+000   
6.33339E+000   
6.32496E+000   
6.28407E+000   
6.22219E+000   
6.20761E+000   
6.20857E+000   
6.18558E+000   
6.07648E+000   
6.08260E+000   
6.09421E+000   
6.05847E+000   
6.04972E+000   
6.05707E+000   
6.07930E+000   
6.05725E+000   
6.01941E+000   
5.99308E+000   
5.97019E+000   
5.94509E+000   
5.93874E+000   
5.92200E+000   
5.86232E+000   
5.79735E+000   
5.81512E+000   
5.84644E+000   
5.78148E+000   
5.74379E+000   
5.74896E+000   
5.72585E+000   
5.73728E+000   
5.69957E+000   
5.66916E+000   
5.67850E+000   
5.61781E+000   
5.55387E+000   
5.55382E+000   
5.57255E+000   
5.56726E+000   
5.53789E+000   
5.51793E+000   
5.49487E+000   
5.44666E+000   
5.42880E+000   
5.43710E+000   
5.41298E+000   
5.38356E+000   
5.26323E+000   
5.22963E+000   
5.22853E+000   
5.19812E+000   
5.22303E+000   
5.18320E+000   
5.17999E+000   
5.18196E+000   
5.08465E+000   
5.05005E+000   
5.01340E+000   
4.85121E+000   
4.89502E+000   
5.01951E+000   
4.96074E+000   
4.91481E+000   
4.86638E+000   
4.82761E+000   
4.91586E+000   
4.85248E+000   
4.74982E+000   
4.80775E+000   
4.75600E+000   
4.59039E+000   
4.59089E+000   
4.55619E+000   
4.53065E+000   
4.64790E+000   
4.44666E+000   
4.28336E+000   
4.44709E+000   
4.45524E+000   
4.30080E+000   
4.41944E+000   
4.24342E+000   
4.03436E+000   
3.94840E+000   
3.84975E+000   
3.99518E+000   
3.95430E+000   
3.79611E+000   
3.56501E+000   
3.56906E+000   
3.62357E+000   
3.37880E+000   
3.39021E+000   
3.30796E+000   
3.20440E+000   
3.06640E+000   
3.13539E+000   
3.01628E+000   
2.73512E+000   
2.84557E+000   
2.69644E+000   
2.54823E+000   
1.76039E+000   
1.82163E+000   
1.90884E+000   
8.51158E-001   
9.01420E-001   
1.17983E+000   
8.84501E-001   
8.17206E-001   
9.03621E-001   
5.56519E-001   
5.09487E-001   
1.09748E+000   
8.28257E-001   
5.32807E-001   
7.01927E-001   
7.74800E-001   
6.91527E-001   
8.32960E-001   
1.48882E+000   
1.49797E+000   
8.37661E-001   
2.58681E-001   
3.18201E-001   
8.56660E-001   
1.36519E+000   
1.47538E+000   
1.66285E+000   
1.76352E+000   
1.49342E+000   
1.47866E+000   
1.60328E+000   
1.21715E+000   
8.20104E-001   
7.85274E-001   
6.98227E-001   
1.12017E+000   
1.32230E+000   
1.18360E+000   
1.37174E+000   
1.20790E+000   
1.26678E+000   
1.47092E+000   
1.40771E+000   
1.76637E+000   
1.79431E+000   
1.89656E+000   
2.09473E+000   
1.83711E+000   
2.01182E+000   
2.32327E+000   
2.47285E+000   
2.63585E+000   
2.33766E+000   
2.21685E+000   
2.53765E+000   
2.66218E+000   
2.75182E+000   
2.76223E+000   
2.77576E+000   
2.83668E+000   
2.64023E+000   
2.49924E+000   
2.61420E+000   
2.98284E+000   
2.73645E+000   
2.55695E+000   
2.84194E+000   
2.88681E+000   
2.61544E+000   
2.30645E+000   
2.63710E+000   
2.63419E+000   
2.58006E+000   
2.83241E+000   
2.68744E+000   
2.37658E+000   
2.52552E+000   
2.75610E+000   
2.72886E+000   
2.88433E+000   
2.87942E+000   
2.83027E+000   
2.72543E+000   
2.68703E+000   
2.75092E+000   
2.57224E+000   
2.48861E+000   
2.55855E+000   
2.52715E+000   
2.67134E+000   
2.47844E+000   
2.43038E+000   
2.75268E+000   
2.73097E+000   
2.73272E+000   
2.57399E+000   
2.46952E+000   
2.67114E+000   
2.62616E+000   
2.48740E+000   
2.67204E+000   
2.57274E+000   
2.58004E+000   
2.70753E+000   
2.74099E+000   
2.80896E+000   
2.73893E+000   
2.73682E+000   
2.69186E+000   
2.67202E+000   
2.69291E+000   
2.71066E+000   
2.75978E+000   
2.70959E+000   
2.63855E+000   
2.69395E+000   
2.75871E+000   
2.75768E+000   
2.77652E+000   
2.75561E+000   
2.72735E+000   
2.74514E+000   
2.76712E+000   
2.75246E+000   
2.75452E+000   
2.75661E+000   
2.73365E+000   
2.71170E+000   
2.71375E+000   
2.70228E+000   
2.67408E+000   
2.67406E+000   
2.68551E+000   
2.66983E+000   
2.65520E+000   
2.64367E+000   
2.64157E+000   
2.63321E+000   
2.60396E+000   
2.56529E+000   
2.56424E+000   
2.55272E+000   
2.51615E+000   
2.51301E+000   
2.49420E+000   
2.47016E+000   
2.44403E+000   
2.37717E+000   
2.33434E+000   
2.27377E+000   
2.23617E+000   
2.18929E+000   
2.14617E+000   
2.15504E+000   
2.18207E+000   
1.93762E+000   
1.80090E+000   
2.09685E+000   
2.25906E+000   
2.25592E+000   
2.23816E+000   
2.25069E+000   
2.28931E+000   
2.30391E+000   
2.29032E+000   
2.30390E+000   
2.28405E+000   
2.25690E+000   
2.20789E+000   
2.10899E+000   
2.15237E+000   
2.24958E+000   
2.27984E+000   
2.29862E+000   
2.28711E+000   
2.22651E+000   
2.20771E+000   
2.23696E+000   
2.17221E+000   
2.14608E+000   
2.18679E+000   
2.18887E+000   
2.11055E+000   
2.06754E+000   
2.01943E+000   
2.05948E+000   
2.06166E+000   
1.90711E+000   
1.94019E+000   
1.92504E+000   
1.81425E+000   
1.70409E+000   
1.81037E+000   
1.84530E+000   
1.76993E+000   
1.83381E+000   
1.69596E+000   
1.61467E+000   
1.83407E+000   
1.74761E+000   
1.43267E+000   
1.39940E+000   
1.43512E+000   
1.62385E+000   
1.77007E+000   
1.53139E+000   
1.43264E+000   
1.42515E+000   
1.33040E+000   
1.34291E+000   
1.31862E+000   
1.35282E+000   
1.35040E+000   
1.40302E+000   
1.32905E+000   
1.04963E+000   
1.00027E+000   
9.24664E-001   
7.01756E-001   
6.64999E-001   
7.32533E-001   
8.70029E-001   
1.06161E+000   
1.01998E+000   
7.02516E-001   
7.28354E-001   
1.00828E+000   
7.69749E-001   
5.61852E-001   
6.74786E-001   
6.08446E-001   
3.21674E-001   
2.81731E-001   
3.32245E-001   
1.85297E-001   
7.90390E-002   
6.27124E-002   
5.76537E-002   
1.02601E-002   
8.94004E-003   
2.87198E-003   
6.11324E-004   
2.91149E-005   
2.99640E-004   
2.97712E-004   
7.72622E-006   
6.12342E-006   
6.01774E-006   
4.44859E-006   
3.85640E-009   
1.69097E-005   
1.70429E-005   
5.31273E-006   
8.41396E-005   
7.93408E-005   
3.61979E-009   
4.72621E-006   
4.73703E-006   
6.93035E-009   
1.34971E-004   
4.74904E-004   
4.97676E-004   
1.79980E-003   
1.74781E-003   
3.29635E-003   
3.55643E-003   
6.44101E-004   
3.71353E-004   
1.76238E-005   
1.74681E-005   
6.02154E-009   
6.24341E-006   
7.28591E-006   
1.50268E-004   
5.82343E-004   
6.19100E-004   
1.82876E-003   
2.67085E-003   
1.73423E-003   
7.39602E-004   
5.09590E-004   
6.01642E-004   
1.27059E-004   
8.86310E-007   
2.46591E-003   
4.60052E-003   
2.40717E-003   
9.90548E-005   
3.76871E-005   
8.87692E-003   
1.22281E-002   
3.53006E-003   
9.77069E-004   
4.87714E-003   
5.10113E-003   
4.79653E-003   
3.59313E-003   
5.15877E-003   
9.41348E-003   
2.38121E-002   
4.36223E-002   
2.42985E-002   
8.02729E-003   
8.28505E-002   
8.30803E-002   
3.05414E-002   
2.29133E-002   
1.53302E-002   
6.12988E-002   
1.03120E-001   
6.10555E-002   
6.42025E-002   
7.07048E-002   
1.30880E-001   
1.31891E-001   
1.77041E-002   
7.90677E-002   
2.91610E-001   
2.29058E-001   
1.47622E-002   
1.12148E-001   
1.22853E-001   
9.76796E-002   
1.40228E-001   
6.75544E-002   
9.90896E-002   
1.24874E-001   
1.25380E-001   
1.40980E-001   
9.86021E-002   
2.01115E-001   
2.33503E-001   
1.02359E-001   
1.04961E-001   
2.31329E-001   
3.06981E-001   
3.32111E-001   
1.76254E-001   
1.07969E-001   
2.36944E-001   
3.76222E-001   
4.38036E-001   
2.79205E-001   
2.86134E-001   
3.70219E-001   
5.24884E-001   
6.33280E-001   
4.33121E-001   
2.80825E-001   
3.61756E-001   
3.48956E-001   
4.91997E-001   
4.93458E-001   
1.62210E-001   
1.44562E-001   
3.22714E-001   
2.86201E-001   
1.27337E-001   
1.52389E-001   
1.71663E-001   
1.91647E-001   
4.12514E-001   
5.32999E-001   
3.68080E-001   
2.43521E-001   
3.52737E-001   
3.84958E-001   
2.12443E-001   
2.66558E-001   
4.21884E-001   
5.25211E-001   
4.62234E-001   
4.24241E-001   
3.76708E-001   
2.73481E-001   
3.88351E-001   
5.07220E-001   
7.49336E-001   
7.59756E-001   
5.66205E-001   
7.19297E-001   
7.85896E-001   
6.10282E-001   
6.13361E-001   
8.01302E-001   
8.40538E-001   
7.86963E-001   
9.08922E-001   
9.87785E-001   
8.98478E-001   
7.13075E-001   
5.69925E-001   
7.41949E-001   
1.01613E+000   
1.03614E+000   
7.96957E-001   
8.33025E-001   
1.02343E+000   
1.03782E+000   
9.71777E-001   
8.97263E-001   
9.17994E-001   
1.02182E+000   
1.01066E+000   
9.43005E-001   
9.76881E-001   
9.75555E-001   
1.01110E+000   
1.04468E+000   
1.08152E+000   
1.11035E+000   
1.06205E+000   
1.02637E+000   
1.02908E+000   
1.04906E+000   
1.07245E+000   
1.06618E+000   
1.04940E+000   
1.05014E+000   
1.08074E+000   
1.09687E+000   
1.07478E+000   
1.06135E+000   
1.07436E+000   
1.07644E+000   
1.07413E+000   
1.06849E+000   
1.05213E+000   
1.05546E+000   
1.05495E+000   
1.06504E+000   
1.06713E+000   
1.06765E+000   
1.07408E+000   
1.05584E+000   
1.04990E+000   
1.05416E+000   
1.05031E+000   
1.04822E+000   
1.04719E+000   
1.03716E+000   
1.02622E+000   
1.02350E+000   
1.02434E+000   
1.02913E+000   
1.03048E+000   
1.01985E+000   
1.02120E+000   
1.02995E+000   
1.02067E+000   
1.00712E+000   
1.00639E+000   
1.00638E+000   
9.97425E-001   
9.87318E-001   
9.75657E-001   
9.53154E-001   
9.25049E-001   
9.06725E-001   
8.96208E-001   
8.91712E-001   
8.95027E-001   
9.05735E-001   
9.02084E-001   
8.59888E-001   
8.58334E-001   
8.98558E-001   
9.18856E-001   
9.21247E-001   
9.09359E-001   
9.10187E-001   
9.26744E-001   
9.37872E-001   
9.35696E-001   
9.19962E-001   
8.96500E-001   
8.66804E-001   
8.63573E-001   
8.83165E-001   
9.08272E-001   
9.30046E-001   
9.30351E-001   
9.21907E-001   
8.97314E-001   
8.94619E-001   
9.06715E-001   
8.87032E-001   
8.60371E-001   
8.23706E-001   
8.02063E-001   
8.10690E-001   
8.33788E-001   
8.63464E-001   
8.59499E-001   
8.37294E-001   
8.24291E-001   
8.10228E-001   
7.97829E-001   
8.05344E-001   
8.26365E-001   
8.39182E-001   
8.49174E-001   
8.43321E-001   
8.26235E-001   
8.34152E-001   
8.51225E-001   
8.50496E-001   
8.33405E-001   
8.26733E-001   
8.40899E-001   
8.52358E-001   
8.51313E-001   
8.43393E-001   
8.43077E-001   
8.47355E-001   
8.48505E-001   
8.41932E-001   
8.32449E-001   
8.30675E-001   
8.24112E-001   
8.10562E-001   
8.10341E-001   
8.12555E-001   
8.03699E-001   
7.85252E-001   
7.68799E-001   
7.60981E-001   
7.51520E-001   
7.50668E-001   
7.49950E-001   
7.55465E-001   
7.67729E-001   
7.49729E-001   
7.54814E-001   
7.75860E-001   
7.58261E-001   
7.50458E-001   
7.52222E-001   
7.46706E-001   
7.52531E-001   
7.45541E-001   
7.48363E-001   
7.59817E-001   
7.53262E-001   
7.52533E-001   
7.56054E-001   
7.53336E-001   
7.55316E-001   
7.51060E-001   
7.38892E-001   
7.37539E-001   
7.40320E-001   
6.98759E-001   
6.71717E-001   
7.04514E-001   
7.14182E-001   
7.16986E-001   
7.28233E-001   
7.18538E-001   
7.06451E-001   
7.09160E-001   
7.08225E-001   
6.93867E-001   
6.88875E-001   
6.88446E-001   
6.85535E-001   
6.84998E-001   
6.63532E-001   
6.46029E-001   
6.60912E-001   
6.71022E-001   
6.61476E-001   
6.69685E-001   
6.84544E-001   
6.70612E-001   
6.71665E-001   
6.72264E-001   
6.37352E-001   
6.33215E-001   
6.62828E-001   
6.73410E-001   
6.67278E-001   
6.67160E-001   
6.50434E-001   
6.09219E-001   
6.30342E-001   
6.49378E-001   
6.22446E-001   
6.21490E-001   
6.36450E-001   
6.32185E-001   
6.33633E-001   
6.41846E-001   
6.12745E-001   
5.92945E-001   
5.48540E-001   
5.68183E-001   
6.17292E-001   
6.02697E-001   
6.15898E-001   
6.14752E-001   
5.58953E-001   
5.68996E-001   
5.89767E-001   
5.88615E-001   
6.20674E-001   
6.15902E-001   
6.06850E-001   
5.20474E-001   
5.17253E-001   
5.45835E-001   
4.64951E-001   
5.11008E-001   
5.74769E-001   
5.71116E-001   
5.41281E-001   
5.39513E-001   
5.84814E-001   
5.46223E-001   
4.48038E-001   
4.71936E-001   
5.49820E-001   
5.06485E-001   
4.07866E-001   
4.41119E-001   
5.32151E-001   
5.09700E-001   
5.04529E-001   
4.38106E-001   
4.52638E-001   
5.54211E-001   
4.92337E-001   
4.89317E-001   
4.47298E-001   
3.36069E-001   
4.32867E-001   
5.36430E-001   
5.22297E-001   
4.50437E-001   
4.48254E-001   
5.26853E-001   
5.21215E-001   
4.32503E-001   
3.74631E-001   
3.68707E-001   
4.37375E-001   
5.26199E-001   
5.03520E-001   
4.42571E-001   
3.77828E-001   
3.81084E-001   
4.49261E-001   
3.55370E-001   
2.83187E-001   
3.91780E-001   
4.21832E-001   
3.71391E-001   
3.31379E-001   
3.81514E-001   
4.21224E-001   
3.84203E-001   
3.04215E-001   
2.78485E-001   
2.70307E-001   
2.85872E-001   
2.63815E-001   
2.22163E-001   
3.14183E-001   
2.53150E-001   
2.64377E-001   
3.48691E-001   
1.99424E-001   
1.14812E-001   
1.51020E-001   
1.78034E-001   
2.47384E-001   
3.40661E-001   
2.68002E-001   
1.50974E-001   
1.23107E-001   
9.17089E-002   
9.90264E-002   
1.15474E-001   
1.03878E-001   
1.18616E-001   
1.61711E-001   
1.50834E-001   
6.48894E-002   
4.45381E-003   
5.61574E-003   
2.16249E-002   
5.26388E-002   
6.38616E-002   
3.18744E-002   
1.05047E-002   
3.39215E-002   
4.10955E-002   
2.01333E-002   
7.41842E-003   
2.47005E-003   
4.13880E-003   
1.63335E-002   
1.24839E-002   
5.91356E-004   
5.45231E-003   
5.46876E-003   
1.65263E-003   
1.13536E-003   
6.43774E-006   
2.58579E-005   
4.52033E-003   
8.02711E-003   
3.80310E-003   
2.25587E-004   
7.68523E-005   
7.45810E-005   
9.10695E-006   
9.16931E-006   
9.43446E-006   
1.40499E-005   
4.46534E-005   
4.44972E-005   
1.23946E-005   
7.76050E-006   
7.87745E-006   
7.88152E-006   
7.90318E-006   
8.05914E-006   
8.20565E-006   
8.31815E-006   
8.27324E-006   
5.23888E-005   
9.30335E-005   
5.12484E-005   
8.80631E-006   
9.00511E-006   
8.94971E-006   
8.93987E-006   
5.32602E-005   
5.92445E-005   
1.50262E-005   
9.50178E-006   
1.34177E-005   
1.37153E-005   
1.02399E-005   
1.44547E-005   
1.45251E-005   
1.02130E-005   
4.69908E-005   
7.95648E-005   
5.31306E-005   
1.85368E-005   
4.76546E-005   
9.99304E-005   
6.78345E-005   
1.11407E-005   
1.12274E-005   
1.13977E-005   
1.15773E-005   
1.16514E-005   
1.18098E-005   
1.19271E-005   
1.19382E-005   
1.20814E-005   
1.21762E-005   
8.32193E-005   
2.54754E-004   
3.05118E-004   
1.33355E-004   
5.15688E-004   
5.64989E-004   
7.80374E-005   
4.24677E-005   
1.23395E-004   
6.26132E-004   
1.64298E-003   
1.23233E-003   
1.15590E-004   
2.03459E-005   
1.87407E-005   
1.54657E-005   
9.88147E-005   
9.22684E-004   
1.02052E-003   
2.38515E-004   
4.66580E-005   
1.55121E-005   
1.58613E-005   
2.14083E-005   
2.33444E-005   
1.88056E-005   
1.78948E-005   
1.75753E-005   
1.69590E-005   
3.80212E-005   
1.22744E-004   
1.70400E-004   
9.83002E-005   
3.04108E-005   
1.83383E-005   
1.86278E-005   
1.81303E-005   
5.89991E-005   
5.92519E-005   
8.78245E-004   
2.07029E-003   
1.28316E-003   
4.85255E-005   
9.71444E-005   
1.02352E-003   
1.43678E-003   
5.54647E-004   
3.75335E-003   
4.02763E-003   
4.51073E-004   
1.27198E-004   
9.83782E-004   
9.45814E-004   
6.40382E-005   
2.75221E-003   
3.65718E-003   
4.82696E-003   
1.40896E-002   
1.10815E-002   
2.84947E-003   
2.72922E-003   
7.01565E-004   
2.60074E-003   
3.53658E-003   
2.59383E-002   
3.82503E-002   
1.53219E-002   
7.41678E-003   
2.46389E-002   
2.49629E-002   
9.87679E-003   
1.46375E-002   
1.87609E-002   
5.17855E-002   
5.99332E-002   
2.64522E-002   
2.22043E-002   
2.09701E-002   
1.56252E-002   
1.38928E-002   
1.55653E-002   
1.94204E-002   
5.66833E-002   
7.04248E-002   
4.93207E-002   
3.59885E-002   
4.03432E-002   
6.07955E-002   
8.23104E-002   
1.03057E-001   
1.01299E-001   
1.20251E-001   
1.49828E-001   
1.02454E-001   
8.11779E-002   
1.20135E-001   
1.10976E-001   
1.17346E-001   
1.59614E-001   
1.73145E-001   
1.83875E-001   
1.64083E-001   
1.07946E-001   
1.54268E-001   
2.04561E-001   
2.04225E-001   
2.25659E-001   
2.06812E-001   
1.75075E-001   
1.49064E-001   
1.82376E-001   
1.93321E-001   
1.22143E-001   
1.61976E-001   
2.35737E-001   
2.22597E-001   
1.81651E-001   
1.61885E-001   
1.59687E-001   
1.40828E-001   
1.10949E-001   
9.31568E-002   
8.62813E-002   
5.83360E-002   
3.45851E-002   
4.07211E-002   
4.43667E-002   
2.93493E-002   
3.63594E-002   
6.12681E-002   
9.04999E-002   
1.08109E-001   
9.44672E-002   
7.67708E-002   
7.24561E-002   
6.30693E-002   
5.44581E-002   
6.04596E-002   
6.67658E-002   
6.65221E-002   
7.00853E-002   
7.76918E-002   
8.79228E-002   
1.07183E-001   
1.28715E-001   
1.20718E-001   
1.28333E-001   
1.60998E-001   
1.82526E-001   
1.82527E-001   
1.55191E-001   
1.71508E-001   
1.95000E-001   
2.01645E-001   
2.18586E-001   
2.01978E-001   
2.02584E-001   
2.23546E-001   
2.27390E-001   
2.26665E-001   
2.10881E-001   
2.03312E-001   
1.85332E-001   
1.90311E-001   
2.14841E-001   
2.05293E-001   
1.95018E-001   
2.00917E-001   
2.13466E-001   
2.01819E-001   
1.76054E-001   
1.66896E-001   
1.44841E-001   
1.34750E-001   
1.38171E-001   
1.18306E-001   
1.18514E-001   
1.24044E-001   
1.11239E-001   
1.17681E-001   
1.39630E-001   
1.59400E-001   
1.66874E-001   
1.63482E-001   
1.49628E-001   
1.29757E-001   
1.36195E-001   
1.31217E-001   
1.26437E-001   
1.31742E-001   
1.35594E-001   
1.49427E-001   
1.45775E-001   
1.36517E-001   
1.47519E-001   
1.65302E-001   
1.69458E-001   
1.69580E-001   
1.72478E-001   
1.71559E-001   
1.77912E-001   
1.98580E-001   
2.04576E-001   
2.01048E-001   
1.94087E-001   
1.91479E-001   
1.82145E-001   
1.82264E-001   
1.93264E-001   
1.96891E-001   
1.97615E-001   
1.95242E-001   
1.95361E-001   
1.98655E-001   
1.98029E-001   
1.85890E-001   
1.87870E-001   
2.00107E-001   
2.03006E-001   
2.03006E-001   
1.82652E-001   
1.82143E-001   
1.95870E-001   
1.78397E-001   
1.84123E-001   
2.02162E-001   
2.01749E-001   
2.01554E-001   
2.01024E-001   
2.01219E-001   
2.01847E-001   
1.94689E-001   
1.94083E-001   
1.91668E-001   
1.86083E-001   
1.93573E-001   
1.99768E-001   
1.97495E-001   
1.93532E-001   
1.93944E-001   
1.80670E-001   
1.77141E-001   
1.85455E-001   
1.88356E-001   
1.95611E-001   
1.95925E-001   
1.82024E-001   
1.80572E-001   
1.92375E-001   
1.78278E-001   
1.76627E-001   
1.93002E-001   
1.94355E-001   
1.94355E-001   
1.94041E-001   
1.92568E-001   
1.92255E-001   
1.86785E-001   
1.83571E-001   
1.88001E-001   
1.90393E-001   
1.89256E-001   
1.89570E-001   
1.89765E-001   
1.89137E-001   
1.88411E-001   
1.86960E-001   
1.85077E-001   
1.85391E-001   
1.85076E-001   
1.83843E-001   
1.82080E-001   
1.80018E-001   
1.65785E-001   
1.57808E-001   
1.64745E-001   
1.69626E-001   
1.73663E-001   
1.79252E-001   
1.80098E-001   
1.73784E-001   
1.67646E-001   
1.71272E-001   
1.73527E-001   
1.70644E-001   
1.49031E-001   
1.49033E-001   
1.64155E-001   
1.57294E-001   
1.57190E-001   
1.53076E-001   
1.56919E-001   
1.71232E-001   
1.73526E-001   
1.70821E-001   
1.66996E-001   
1.58898E-001   
1.59840E-001   
1.59527E-001   
1.60445E-001   
1.65208E-001   
1.57861E-001   
1.62523E-001   
1.70603E-001   
1.67212E-001   
1.46637E-001   
1.30947E-001   
1.42879E-001   
1.61484E-001   
1.55900E-001   
1.47056E-001   
1.57523E-001   
1.57545E-001   
1.58777E-001   
1.68331E-001   
1.67171E-001   
1.52131E-001   
1.49134E-001   
1.57447E-001   
1.57230E-001   
1.41623E-001   
1.33108E-001   
1.41938E-001   
1.47542E-001   
1.54718E-001   
1.55444E-001   
1.46189E-001   
1.38504E-001   
1.43291E-001   
1.45561E-001   
1.51481E-001   
1.58030E-001   
1.56071E-001   
1.56796E-001   
1.59698E-001   
1.59382E-001   
1.53680E-001   
1.43191E-001   
1.42661E-001   
1.51481E-001   
1.55009E-001   
1.54381E-001   
1.55007E-001   
1.52835E-001   
1.51577E-001   
1.53462E-001   
1.52930E-001   
1.47542E-001   
1.44207E-001   
1.48245E-001   
1.50733E-001   
1.52931E-001   
1.51771E-001   
1.49186E-001   
1.46794E-001   
1.47736E-001   
1.49500E-001   
1.48244E-001   
1.44932E-001   
1.44305E-001   
1.45223E-001   
1.45321E-001   
1.44692E-001   
1.44498E-001   
1.44910E-001   
1.44595E-001   
1.41986E-001   
1.43653E-001   
1.40656E-001   
1.35448E-001   
1.40755E-001   
1.43775E-001   
1.41696E-001   
1.41792E-001   
1.41043E-001   
1.39400E-001   
1.35540E-001   
1.33675E-001   
1.33887E-001   
1.34607E-001   
1.36477E-001   
1.38771E-001   
1.36163E-001   
1.30345E-001   
1.27949E-001   
1.30964E-001   
1.30133E-001   
1.31901E-001   
1.37830E-001   
1.36476E-001   
1.28055E-001   
1.27948E-001   
1.31791E-001   
1.32738E-001   
1.30862E-001   
1.30861E-001   
1.33974E-001   
1.23996E-001   
1.20667E-001   
1.28050E-001   
1.31798E-001   
1.34809E-001   
1.30021E-001   
1.24088E-001   
1.21904E-001   
1.20034E-001   
1.21600E-001   
1.23155E-001   
1.27422E-001   
1.30963E-001   
1.30857E-001   
1.22217E-001   
1.17222E-001   
1.23778E-001   
1.23676E-001   
1.21701E-001   
1.20658E-001   
1.17120E-001   
1.17535E-001   
1.22638E-001   
1.18473E-001   
1.12960E-001   
1.14110E-001   
1.15878E-001   
1.18477E-001   
1.17327E-001   
1.13173E-001   
1.14525E-001   
1.18366E-001   
1.15873E-001   
1.18467E-001   
1.18587E-001   
1.18379E-001   
1.21181E-001   
1.21080E-001   
1.24294E-001   
1.23255E-001   
1.19409E-001   
1.01828E-001   
8.58083E-002   
9.10068E-002   
1.03075E-001   
1.11191E-001   
1.02982E-001   
9.00006E-002   
8.31470E-002   
9.58171E-002   
1.11079E-001   
1.12535E-001   
1.15142E-001   
1.05373E-001   
1.05369E-001   
1.10677E-001   
1.02571E-001   
1.05368E-001   
1.11808E-001   
1.10669E-001   
1.01836E-001   
1.03291E-001   
1.11600E-001   
9.91268E-002   
8.92515E-002   
8.40631E-002   
7.16860E-002   
8.30207E-002   
1.01411E-001   
1.01102E-001   
9.19619E-002   
9.35168E-002   
9.13343E-002   
8.96626E-002   
9.12414E-002   
8.03137E-002   
6.98881E-002   
5.57096E-002   
6.70710E-002   
9.29866E-002   
9.50532E-002   
8.61301E-002   
8.74834E-002   
7.77957E-002   
8.10180E-002   
1.02237E-001   
1.00991E-001   
9.98507E-002   
8.88348E-002   
7.48973E-002   
9.06897E-002   
1.02861E-001   
8.36263E-002   
7.13670E-002   
7.36566E-002   
5.80692E-002   
3.62406E-002   
5.09410E-002   
7.79076E-002   
8.81009E-002   
9.47595E-002   
7.44617E-002   
5.90172E-002   
5.92856E-002   
6.53422E-002   
7.39760E-002   
8.00037E-002   
8.16712E-002   
4.76830E-002   
3.76744E-002   
5.86393E-002   
5.84667E-002   
6.37538E-002   
6.25021E-002   
6.85365E-002   
8.20813E-002   
5.56743E-002   
5.39374E-002   
8.16617E-002   
7.78108E-002   
7.81190E-002   
7.04057E-002   
4.81842E-002   
6.35576E-002   
8.55107E-002   
7.37476E-002   
2.42532E-002   
4.35499E-003   
5.28620E-003   
8.16927E-003   
1.25764E-002   
1.77597E-002   
2.37044E-002   
3.00790E-002   
3.48222E-002   
3.33377E-002   
3.07901E-002   
3.05169E-002   
3.19462E-002   
3.18577E-002   
2.93906E-002   
3.63625E-002   
9.48015E-002   
2.01767E-001   
3.53284E-001   
3.82195E-001   
3.43276E-001   
2.66712E-001   
2.53901E-001   
3.35759E-001   
4.62850E-001   
5.69737E-001   
7.23833E-001   
8.79341E-001   
9.86124E-001   
1.08710E+000   
1.18221E+000   
1.27068E+000   
1.35966E+000   
1.44223E+000   
1.52598E+000   
1.61186E+000   
1.69349E+000   
1.76872E+000   
1.83392E+000   
1.91131E+000   
2.00066E+000   
2.07668E+000   
2.14282E+000   
2.20510E+000   
2.26884E+000   
2.32304E+000   
2.38274E+000   
2.42946E+000   
2.46465E+000   
2.48520E+000   
2.50797E+000   
2.48522E+000   
2.45197E+000   
2.41814E+000   
2.27385E+000   
1.94900E+000   
1.64485E+000   
1.36719E+000   
1.29044E+000   
1.13104E+000   
1.11725E+000   
1.05239E+000   
9.98741E-001   
9.45587E-001   
8.79099E-001   
8.63731E-001   
8.61776E-001   
8.63750E-001   
9.31884E-001   
1.25609E+000   
1.36601E+000   
1.32683E+000   
1.27152E+000   
1.28084E+000   
1.08852E+000   
8.38572E-001   
7.08802E-001   
8.12682E-001   
8.55263E-001   
8.45169E-001   
8.80003E-001   
8.73376E-001   
8.36182E-001   
8.89419E-001   
9.87435E-001   
9.13895E-001   
9.07413E-001   
9.65505E-001   
1.05485E+000   
1.03496E+000   
9.96037E-001   
1.11977E+000   
1.21809E+000   
1.31982E+000   
1.04376E+000   
1.16107E+000   
1.07568E+000   
1.22020E+000   
1.27046E+000   
1.51283E+000   
1.76375E+000   
1.62530E+000   
1.48499E+000   
1.54538E+000   
1.57145E+000   
1.56106E+000   
1.67108E+000   
1.89172E+000   
2.11863E+000   
2.21774E+000   
2.25786E+000   
2.28622E+000   
2.22926E+000   
2.23800E+000   
2.25017E+000   
2.26735E+000   
2.25328E+000   
2.24369E+000   
2.23303E+000   
2.21745E+000   
2.19961E+000   
2.17926E+000   
2.15658E+000   
2.13401E+000   
2.11463E+000   
0.00000E+000   
1.83502E+000   
1.62116E+000   
1.43726E+000   
1.28685E+000   
1.15033E+000   
1.02737E+000   
9.17314E-001   
8.18296E-001   
7.32105E-001   
6.56728E-001   
5.88552E-001   
5.29043E-001   
4.78235E-001   
4.30464E-001   
3.89669E-001   
3.51624E-001   
3.19762E-001   
2.91541E-001   
2.65585E-001   
2.42642E-001   
2.20425E-001   
2.02957E-001   
1.85626E-001   
1.72845E-001   
1.58367E-001   
1.43704E-001   
1.34087E-001   
1.24157E-001   
1.15156E-001   
1.06304E-001   
9.89898E-002   
9.14657E-002   
8.56266E-002   
8.10702E-002   
7.35923E-002   
