0.4 0.000777
0.401 0.00077735
0.402 0.00079
0.403 0.00079457
0.404 0.00076101
0.405 0.00079168
0.406 0.00078904
0.40700000000000003 0.0008083199999999997
0.40800000000000003 0.0008029099999999999
0.40900000000000003 0.0008001200000000001
0.41000000000000003 0.0008027900000000003
0.41100000000000003 0.0008070700000000003
0.41200000000000003 0.0008122699999999999
0.41300000000000003 0.0008125500000000001
0.41400000000000003 0.0008143800000000013
0.41500000000000004 0.0008367199999999996
0.41600000000000004 0.00083011
0.41700000000000004 0.0008297999999999996
0.41800000000000004 0.0008216100000000008
0.41900000000000004 0.0008376399999999996
0.42000000000000004 0.0008290100000000005
0.42100000000000004 0.0008353500000000001
0.42200000000000004 0.0008373099999999999
0.42300000000000004 0.0008359100000000007
0.42400000000000004 0.0008487099999999987
0.42500000000000004 0.0008253200000000013
0.42600000000000005 0.0008511100000000002
0.42700000000000005 0.0008543999999999995
0.42800000000000005 0.0008448900000000005
0.42900000000000005 0.0008558400000000002
0.43000000000000005 0.0008604599999999994
0.43100000000000005 0.0008507000000000009
0.43200000000000005 0.0008659500000000003
0.43300000000000005 0.0008704599999999994
0.43400000000000005 0.0008607800000000014
0.43500000000000005 0.0008864000000000001
0.43600000000000005 0.0008881899999999986
0.43700000000000006 0.0008620400000000017
0.43800000000000006 0.0008920699999999998
0.43900000000000006 0.0008884600000000011
0.44000000000000006 0.0009079700000000001
0.44100000000000006 0.0009103099999999994
0.44200000000000006 0.0008983899999999999
0.44300000000000006 0.0008949900000000018
0.44400000000000006 0.0009281799999999994
0.44500000000000006 0.0009171200000000014
0.44600000000000006 0.00094096
0.44700000000000006 0.00093984
0.44800000000000006 0.00093932
0.44900000000000007 0.0009389499999999994
0.45000000000000007 0.00092736
0.45100000000000007 0.0009270300000000009
0.45200000000000007 0.0009448200000000009
0.45300000000000007 0.0009629899999999993
0.45400000000000007 0.0009504700000000008
0.45500000000000007 0.0009619700000000008
0.45600000000000007 0.0009753899999999993
0.4570000000000001 0.0009639300000000008
0.4580000000000001 0.0009767899999999997
0.4590000000000001 0.0009706500000000001
0.4600000000000001 0.0009738799999999995
0.4610000000000001 0.0009634399999999989
0.4620000000000001 0.0009439800000000015
0.4630000000000001 0.000970990000000001
0.4640000000000001 0.00098833
0.4650000000000001 0.00098871
0.4660000000000001 0.000991140000000001
0.4670000000000001 0.0010100400000000005
0.4680000000000001 0.0010169399999999998
0.4690000000000001 0.0010117100000000003
0.4700000000000001 0.0010145200000000014
0.4710000000000001 0.0010266699999999986
0.4720000000000001 0.0010151700000000001
0.4730000000000001 0.0010180200000000012
0.4740000000000001 0.0010274599999999996
0.4750000000000001 0.0010231600000000023
0.4760000000000001 0.0010427599999999993
0.4770000000000001 0.001036660000000001
0.4780000000000001 0.0010484800000000007
0.4790000000000001 0.0010543500000000027
0.4800000000000001 0.0010787399999999964
0.4810000000000001 0.0010462000000000017
0.4820000000000001 0.0010610200000000002
0.4830000000000001 0.0010636000000000022
0.4840000000000001 0.0010836399999999992
0.4850000000000001 0.0010755999999999982
0.4860000000000001 0.0010595800000000012
0.4870000000000001 0.001070310000000002
0.4880000000000001 0.001088659999999999
0.4890000000000001 0.0010798400000000007
0.4900000000000001 0.0010857699999999996
0.4910000000000001 0.0010805400000000014
0.4920000000000001 0.0010932300000000008
0.4930000000000001 0.0010997700000000014
0.4940000000000001 0.0011117199999999983
0.4950000000000001 0.0010967300000000004
0.4960000000000001 0.0011001400000000023
0.4970000000000001 0.0011208499999999994
0.4980000000000001 0.0011147700000000017
0.4990000000000001 0.0011301600000000011
0.5000000000000001 0.0011404599999999992
0.5010000000000001 0.0011348099999999993
0.5020000000000001 0.001129180000000001
0.5030000000000001 0.0011372900000000007
0.5040000000000001 0.0011432800000000006
0.5050000000000001 0.0011495400000000008
0.5060000000000001 0.0011567499999999996
0.5070000000000001 0.0011533900000000004
0.5080000000000001 0.0011577300000000018
0.5090000000000001 0.0011734299999999994
0.5100000000000001 0.001167970000000003
0.5110000000000001 0.001195419999999999
0.5120000000000001 0.0011864900000000018
0.5130000000000001 0.0012032000000000004
0.5140000000000001 0.0012069399999999975
0.5150000000000001 0.0011851600000000028
0.5160000000000001 0.0012110399999999987
0.5170000000000001 0.0012000300000000006
0.5180000000000001 0.0012057199999999995
0.5190000000000001 0.0012006500000000025
0.5200000000000001 0.0012234899999999987
0.5210000000000001 0.0012123300000000017
0.5220000000000001 0.001226950000000004
0.5230000000000001 0.0012626099999999973
0.5240000000000001 0.0012380900000000016
0.5250000000000001 0.0012525799999999984
0.5260000000000001 0.001237330000000001
0.5270000000000001 0.0012453500000000008
0.5280000000000001 0.0012513800000000022
0.5290000000000001 0.0012707399999999992
0.5300000000000001 0.0012641800000000006
0.5310000000000001 0.0012682200000000015
0.5320000000000001 0.0012838300000000014
0.5330000000000001 0.0012961999999999982
0.5340000000000001 0.001278470000000003
0.5350000000000001 0.0013050299999999985
0.5360000000000001 0.00129112
0.5370000000000001 0.00129124
0.5380000000000001 0.0012912800000000038
0.5390000000000001 0.0013264999999999974
0.5400000000000001 0.001303140000000004
0.5410000000000001 0.0013375899999999985
0.5420000000000001 0.0013247600000000014
0.5430000000000001 0.0013373400000000002
0.5440000000000002 0.0013393899999999991
0.5450000000000002 0.0013311599999999996
0.5460000000000002 0.001325290000000003
0.5470000000000002 0.0013534699999999988
0.5480000000000002 0.0013445400000000021
0.5490000000000002 0.0013653699999999977
0.5500000000000002 0.001346470000000003
0.5510000000000002 0.0013743700000000004
0.5520000000000002 0.0013762200000000005
0.5530000000000002 0.0013822299999999988
0.5540000000000002 0.0013706200000000032
0.5550000000000002 0.0014016799999999965
0.5560000000000002 0.0013704800000000023
0.5570000000000002 0.0013896099999999988
0.5580000000000002 0.001379810000000002
0.5590000000000002 0.0013981800000000002
0.5600000000000002 0.0014011199999999985
0.5610000000000002 0.0013879000000000012
0.5620000000000002 0.0013986999999999947
0.5630000000000002 0.0013513700000000182
0.5640000000000002 0.0014322000000000013
0.5650000000000002 0.0014381700000000006
0.5660000000000002 0.0014409300000000002
0.5670000000000002 0.0014424199999999976
0.5680000000000002 0.0014315900000000056
0.5690000000000002 0.0014561899999999972
0.5700000000000002 0.0014440800000000025
0.5710000000000002 0.0014551599999999998
0.5720000000000002 0.0014541900000000028
0.5730000000000002 0.0014671900000000038
0.5740000000000002 0.001484369999999995
0.5750000000000002 0.0014614400000000066
0.5760000000000002 0.0014914799999999964
0.5770000000000002 0.0014748800000000035
0.5780000000000002 0.001490269999999998
0.5790000000000002 0.0014813800000000022
0.5800000000000002 0.0014913500000000024
0.5810000000000002 0.0015019999999999986
0.5820000000000002 0.0014960100000000012
0.5830000000000002 0.0015009200000000037
0.5840000000000002 0.0015176999999999966
0.5850000000000002 0.0015024800000000037
0.5860000000000002 0.001520100000000002
0.5870000000000002 0.0015283499999999971
0.5880000000000002 0.001515819999999998
0.5890000000000002 0.0015075900000000029
0.5900000000000002 0.0015201999999999991
0.5910000000000002 0.0015162100000000022
0.5920000000000002 0.0015259399999999947
0.5930000000000002 0.0015024500000000017
0.5940000000000002 0.0015108799999999979
0.5950000000000002 0.0015009100000000024
0.5960000000000002 0.0015121499999999977
0.5970000000000002 0.0015019400000000046
0.5980000000000002 0.0015226199999999967
0.5990000000000002 0.0015080100000000015
0.6000000000000002 0.0015158399999999975
0.6010000000000002 0.0015049599999999968
0.6020000000000002 0.001491420000000005
0.6030000000000002 0.0015133199999999973
0.6040000000000002 0.001501260000000002
0.6050000000000002 0.0015102899999999992
0.6060000000000002 0.00150665
0.6070000000000002 0.0015068600000000005
0.6080000000000002 0.0015095700000000015
0.6090000000000002 0.0015155199999999968
0.6100000000000002 0.0015023300000000003
0.6110000000000002 0.001503550000000005
0.6120000000000002 0.0015265099999999998
0.6130000000000002 0.0015253500000000006
0.6140000000000002 0.0015278199999999983
0.6150000000000002 0.0015199699999999974
0.6160000000000002 0.001508569999999999
0.6170000000000002 0.0015043300000000058
0.6180000000000002 0.0015287899999999982
0.6190000000000002 0.0015217799999999975
0.6200000000000002 0.0015108500000000043
0.6210000000000002 0.0015307599999999973
0.6220000000000002 0.0015193300000000012
0.6230000000000002 0.001524819999999999
0.6240000000000002 0.001519530000000001
0.6250000000000002 0.0015228700000000043
0.6260000000000002 0.0015418099999999998
0.6270000000000002 0.00154114
0.6280000000000002 0.0015410300000000025
0.6290000000000002 0.0015523099999999973
0.6300000000000002 0.0015401599999999955
0.6310000000000002 0.0015207200000000004
0.6320000000000002 0.0015220600000000026
0.6330000000000002 0.0015327200000000007
0.6340000000000002 0.0015368299999999986
0.6350000000000002 0.0015306699999999996
0.6360000000000002 0.0015277499999999987
0.6370000000000002 0.0015226000000000052
0.6380000000000002 0.0015464899999999989
0.6390000000000002 0.0015411399999999997
0.6400000000000002 0.001540369999999999
0.6410000000000002 0.0015357799999999987
0.6420000000000002 0.0015312000000000034
0.6430000000000002 0.0015456800000000024
0.6440000000000002 0.0015553499999999933
0.6450000000000002 0.0015256400000000084
0.6460000000000002 0.0015625599999999986
0.6470000000000002 0.0015563299999999973
0.6480000000000002 0.001543310000000002
0.6490000000000002 0.0015523400000000045
0.6500000000000002 0.0015728899999999974
0.6510000000000002 0.0015598799999999948
0.6520000000000002 0.0015374700000000082
0.6530000000000002 0.001574939999999997
0.6540000000000002 0.0015608599999999953
0.6550000000000002 0.001539290000000003
0.6560000000000002 0.0015536400000000007
0.6570000000000003 0.0015564499999999987
0.6580000000000003 0.0015497900000000031
0.6590000000000003 0.001563249999999999
0.6600000000000003 0.0015594300000000016
0.6610000000000003 0.0015673999999999979
0.6620000000000003 0.0015590499999999967
0.6630000000000003 0.001545630000000006
0.6640000000000003 0.0015716199999999986
0.6650000000000003 0.0015652299999999982
0.6660000000000003 0.0015576500000000048
0.6670000000000003 0.0015796399999999974
0.6680000000000003 0.0015687899999999987
0.6690000000000003 0.0015635900000000016
0.6700000000000003 0.001570840000000002
0.6710000000000003 0.0015801199999999963
0.6720000000000003 0.0015623199999999942
0.6730000000000003 0.00153601000000001
0.6740000000000003 0.0015813999999999967
0.6750000000000003 0.0015659900000000054
0.6760000000000003 0.0015906799999999962
0.6770000000000003 0.0015749599999999974
0.6780000000000003 0.0015636600000000001
0.6790000000000003 0.0015636600000000034
0.6800000000000003 0.0015785900000000015
0.6810000000000003 0.0015851900000000045
0.6820000000000003 0.0016070499999999955
0.6830000000000003 0.001586479999999998
0.6840000000000003 0.0015761400000000056
0.6850000000000003 0.0016016999999999943
0.6860000000000003 0.0015758000000000024
0.6870000000000003 0.0015867400000000018
0.6880000000000003 0.0015944399999999958
0.6890000000000003 0.0015823199999999964
0.6900000000000003 0.0015715600000000098
0.6910000000000003 0.0016017699999999902
0.6920000000000003 0.001571790000000009
0.6930000000000003 0.0015980500000000004
0.6940000000000003 0.0015990599999999968
0.6950000000000003 0.0015901200000000074
0.6960000000000003 0.0016126999999999945
0.6970000000000003 0.0015956400000000023
0.6980000000000003 0.0016022300000000048
0.6990000000000003 0.0016167700000000167
0.7000000000000003 0.0016677500000000004
0.7010000000000003 0.0016688999999999962
0.7020000000000003 0.0016568399999999852
0.7030000000000003 0.001612309999999998
0.7040000000000003 0.0016061899999999987
0.7050000000000003 0.00160171
0.7060000000000003 0.001601240000000003
0.7070000000000003 0.0016100899999999944
0.7080000000000003 0.0015924899999999994
0.7090000000000003 0.0015906300000000004
0.7100000000000003 0.0015911200000000036
0.7110000000000003 0.001601620000000004
0.7120000000000003 0.0016132699999999941
0.7130000000000003 0.0015957900000000058
0.7140000000000003 0.001613369999999993
0.7150000000000003 0.0015923100000000063
0.7160000000000003 0.0016107599999999956
0.7170000000000003 0.0015974000000000025
0.7180000000000003 0.001604970000000004
0.7190000000000003 0.0016163200000000031
0.7200000000000003 0.0016254799999999886
0.7210000000000003 0.001591160000000009
0.7220000000000003 0.0016176600000000008
0.7230000000000003 0.0016203699999999977
0.7240000000000003 0.001613599999999996
0.7250000000000003 0.0016022700000000109
0.7260000000000003 0.0016345799999999925
0.7270000000000003 0.0016120800000000097
0.7280000000000003 0.001640929999999995
0.7290000000000003 0.0016271000000000024
0.7300000000000003 0.0016349099999999953
0.7310000000000003 0.0016208099999999997
0.7320000000000003 0.0016196699999999975
0.7330000000000003 0.0016118200000000066
0.7340000000000003 0.0016314899999999972
0.7350000000000003 0.0016227600000000028
0.7360000000000003 0.0016313999999999968
0.7370000000000003 0.0016215300000000047
0.7380000000000003 0.001635409999999998
0.7390000000000003 0.001629899999999996
0.7400000000000003 0.0016181700000000051
0.7410000000000003 0.0016339099999999982
0.7420000000000003 0.0016282999999999953
0.7430000000000003 0.001613850000000008
0.7440000000000003 0.0016382099999999952
0.7450000000000003 0.0016236599999999968
0.7460000000000003 0.0016139100000000031
0.7470000000000003 0.0016227399999999997
0.7480000000000003 0.0016220700000000084
0.7490000000000003 0.0016481100000000034
0.7500000000000003 0.0016581499999999965
0.7510000000000003 0.001648160000000002
0.7520000000000003 0.0016551899999999967
0.7530000000000003 0.0016453099999999988
0.7540000000000003 0.0016410700000000027
0.7550000000000003 0.001649049999999999
0.7560000000000003 0.001645370000000005
0.7570000000000003 0.0016606099999999999
0.7580000000000003 0.001660840000000012
0.7590000000000003 0.0016967899999999847
0.7600000000000003 0.0016506900000000052
0.7610000000000003 0.0016665200000000038
0.7620000000000003 0.0016780100000000006
0.7630000000000003 0.001679939999999999
0.7640000000000003 0.00167678
0.7650000000000003 0.0016764700000000046
0.7660000000000003 0.001690710000000005
0.7670000000000003 0.0017053499999999974
0.7680000000000003 0.001697949999999998
0.7690000000000003 0.0016919700000000036
0.7700000000000004 0.0017029599999999951
0.7710000000000004 0.001687679999999998
0.7720000000000004 0.0016821100000000027
0.7730000000000004 0.0016900300000000008
0.7740000000000004 0.0016925700000000033
0.7750000000000004 0.0017021999999999992
0.7760000000000004 0.001699870000000003
0.7770000000000004 0.0017089199999999944
0.7780000000000004 0.001692000000000005
0.7790000000000004 0.0017066399999999943
0.7800000000000004 0.0016893900000000042
0.7810000000000004 0.0017018300000000055
0.7820000000000004 0.0017183800000000046
0.7830000000000004 0.0017326999999999941
0.7840000000000004 0.0017152599999999984
0.7850000000000004 0.0017105600000000048
0.7860000000000004 0.0017250400000000032
0.7870000000000004 0.0017354100000000086
0.7880000000000004 0.0017612699999999945
0.7890000000000004 0.0017445499999999964
0.7900000000000004 0.0017337400000000018
0.7910000000000004 0.0017395199999999966
0.7920000000000004 0.0017294400000000046
0.7930000000000004 0.0017435599999999953
0.7940000000000004 0.001729710000000003
0.7950000000000004 0.0017382700000000038
0.7960000000000004 0.0017487399999999965
0.7970000000000004 0.001738100000000003
0.7980000000000004 0.0017471300000000002
0.7990000000000004 0.0017471300000000136
0.8000000000000004 0.0017879500000000002
0.8010000000000004 0.0017879500000000002
0.8020000000000004 0.0017879499999999921
0.8030000000000004 0.0017637500000000014
0.8040000000000004 0.0017681600000000017
0.8050000000000004 0.001772759999999995
0.8060000000000004 0.0017581300000000125
0.8070000000000004 0.001795930000000013
0.8080000000000004 0.0018349999999999996
0.8090000000000004 0.0018340699999999834
0.8100000000000004 0.001784899999999999
0.8110000000000004 0.0017811900000000132
0.8120000000000004 0.001821070000000002
0.8130000000000004 0.0018276299999999848
0.8140000000000004 0.0017934399999999977
0.8150000000000004 0.001788370000000017
0.8160000000000004 0.0018261999999999957
0.8170000000000004 0.0018162699999999955
0.8180000000000004 0.0018059300000000068
0.8190000000000004 0.0018209900000000004
0.8200000000000004 0.0018213100000000044
0.8210000000000004 0.0018315100000000006
0.8220000000000004 0.0018328499999999898
0.8230000000000004 0.0018100299999999961
0.8240000000000004 0.001801170000000006
0.8250000000000004 0.0018151600000000012
0.8260000000000004 0.0018178499999999909
0.8270000000000004 0.0017975200000000077
0.8280000000000004 0.0018149700000000127
0.8290000000000004 0.0018437600000000107
0.8300000000000004 0.0018675700000000026
0.8310000000000004 0.0018730999999999757
0.8320000000000004 0.0018180200000000122
0.8330000000000004 0.0018453499999999982
0.8340000000000004 0.0018411799999999887
0.8350000000000004 0.0018157500000000092
0.8360000000000004 0.0018372199999999916
0.8370000000000004 0.001818230000000008
0.8380000000000004 0.0018354799999999933
0.8390000000000004 0.0018202900000000063
0.8400000000000004 0.0018345999999999979
0.8410000000000004 0.0018294500000000016
0.8420000000000004 0.0018334100000000015
0.8430000000000004 0.0018362899999999967
0.8440000000000004 0.0018291700000000128
0.8450000000000004 0.001857759999999988
0.8460000000000004 0.001831150000000003
0.8470000000000004 0.001837720000000008
0.8480000000000004 0.0018557700000000018
0.8490000000000004 0.0018604099999999962
0.8500000000000004 0.0018515099999999894
0.8510000000000004 0.001827360000000014
0.8520000000000004 0.0018586500000000066
0.8530000000000004 0.0018738499999999775
0.8540000000000004 0.0018229600000000156
0.8550000000000004 0.0018580700000000012
0.8560000000000004 0.001860439999999981
0.8570000000000004 0.0018177400000000188
0.8580000000000004 0.0018604500000000016
0.8590000000000004 0.0018645099999999892
0.8600000000000004 0.0018398400000000075
0.8610000000000004 0.0018569499999999892
0.8620000000000004 0.0018328099999999816
0.8630000000000004 0.001791610000000022
0.8640000000000004 0.00184170000000001
0.8650000000000004 0.0018644199999999927
0.8660000000000004 0.0018480599999999966
0.8670000000000004 0.001840399999999999
0.8680000000000004 0.001837789999999991
0.8690000000000004 0.0018179200000000106
0.8700000000000004 0.0018417900000000027
0.8710000000000004 0.0018477099999999961
0.8720000000000004 0.001839230000000003
0.8730000000000004 0.001845469999999978
0.8740000000000004 0.0017959300000000079
0.8750000000000004 0.00181317
0.8760000000000004 0.001813420000000008
0.8770000000000004 0.0018318200000000074
0.8780000000000004 0.001847980000000012
0.8790000000000004 0.0018754499999999912
0.8800000000000004 0.0018561099999999942
0.8810000000000004 0.0018429499999999938
0.8820000000000005 0.0018292699999999957
0.8830000000000005 0.0018191000000000116
0.8840000000000005 0.001845049999999998
0.8850000000000005 0.0018409099999999968
0.8860000000000005 0.0018333700000000145
0.8870000000000005 0.0018658799999999903
0.8880000000000005 0.0018442800000000026
0.8890000000000005 0.0018501599999999853
0.8900000000000005 0.001816230000000012
0.8910000000000005 0.0018429599999999977
0.8920000000000005 0.0018381600000000053
0.8930000000000005 0.0018502600000000024
0.8940000000000005 0.0018558399999999914
0.8950000000000005 0.0018367400000000081
0.8960000000000005 0.0018550799999999892
0.8970000000000005 0.0018306200000000057
0.8980000000000005 0.0018432900000000046
0.8990000000000005 0.0018536799999999925
0.9000000000000005 0.0018369899999999988
0.9010000000000005 0.0018347699999999908
0.9020000000000005 0.0018139899999999973
0.9030000000000005 0.001808020000000024
0.9040000000000005 0.0018624100000000044
0.9050000000000005 0.0018722400000000022
0.9060000000000005 0.0018771799999999924
0.9070000000000005 0.0018602699999999963
0.9080000000000005 0.0018520999999999976
0.9090000000000005 0.0018467399999999895
0.9100000000000005 0.0018230500000000107
0.9110000000000005 0.0018475600000000107
0.9120000000000005 0.00187112999999999
0.9130000000000005 0.0018488199999999988
0.9140000000000005 0.001846079999999998
0.9150000000000005 0.0018417400000000023
0.9160000000000005 0.0018467699999999965
0.9170000000000005 0.00183839000000001
0.9180000000000005 0.0018611399999999933
0.9190000000000005 0.001846450000000015
0.9200000000000005 0.0018804999999999885
0.9210000000000005 0.0018551500000000079
0.9220000000000005 0.0018728299999999898
0.9230000000000005 0.001849510000000002
0.9240000000000005 0.0018537300000000087
0.9250000000000005 0.00187316
0.9260000000000005 0.0018732299999999968
0.9270000000000005 0.001866600000000003
0.9280000000000005 0.001873430000000009
0.9290000000000005 0.0018933399999999834
0.9300000000000005 0.0018555500000000064
0.9310000000000005 0.0018696500000000055
0.9320000000000005 0.001881920000000006
0.9330000000000005 0.0018958599999999816
0.9340000000000005 0.0018544399999999989
0.9350000000000005 0.0018521899999999964
0.9360000000000005 0.001843920000000017
0.9370000000000005 0.0018826199999999833
0.9380000000000005 0.0018447599999999926
0.9390000000000005 0.0018313100000000213
0.9400000000000005 0.0018698300000000048
0.9410000000000005 0.0018781100000000066
0.9420000000000005 0.0018898699999999916
0.9430000000000005 0.001874859999999992
0.9440000000000005 0.0018603100000000002
0.9450000000000005 0.001860720000000012
0.9460000000000005 0.001882710000000011
0.9470000000000005 0.0019028799999999944
0.9480000000000005 0.001892629999999988
0.9490000000000005 0.0018710400000000033
0.9500000000000005 0.0018772600000000054
0.9510000000000005 0.001886780000000019
0.9520000000000005 0.0019208299999999925
0.9530000000000005 0.001907159999999997
0.9540000000000005 0.0019015599999999977
0.9550000000000005 0.001897519999999995
0.9560000000000005 0.0018883699999999956
0.9570000000000005 0.0018804200000000295
0.9580000000000005 0.001934090000000008
0.9590000000000005 0.0019486599999999834
0.9600000000000005 0.001918879999999983
0.9610000000000005 0.001888430000000004
0.9620000000000005 0.0018952700000000116
0.9630000000000005 0.0019161500000000186
0.9640000000000005 0.0019495799999999846
0.9650000000000005 0.0019221400000000001
0.9660000000000005 0.0019224099999999994
0.9670000000000005 0.0019214200000000087
0.9680000000000005 0.0019370500000000044
0.9690000000000005 0.0019449599999999897
0.9700000000000005 0.0019262400000000046
0.9710000000000005 0.0019345300000000155
0.9720000000000005 0.0019622799999999946
0.9730000000000005 0.0019520899999999875
0.9740000000000005 0.0019295600000000198
0.9750000000000005 0.0019656999999999873
0.9760000000000005 0.0019425899999999958
0.9770000000000005 0.0019351899999999992
0.9780000000000005 0.001933800000000003
0.9790000000000005 0.0019394400000000006
0.9800000000000005 0.0019405700000000097
0.9810000000000005 0.001958110000000005
0.9820000000000005 0.0019671499999999857
0.9830000000000005 0.0019415500000000059
0.9840000000000005 0.0019521700000000206
0.9850000000000005 0.0019890099999999977
0.9860000000000005 0.001985109999999987
0.9870000000000005 0.001962289999999997
0.9880000000000005 0.0019575599999999984
0.9890000000000005 0.001953950000000013
0.9900000000000005 0.0019770699999999888
0.9910000000000005 0.001956429999999986
0.9920000000000005 0.0019310100000000134
0.9930000000000005 0.0019549400000000027
0.9940000000000005 0.001959420000000003
0.9950000000000006 0.0019645000000000166
0.9960000000000006 0.0019946899999999917
0.9970000000000006 0.0019792799999999847
0.9980000000000006 0.00195207
0.9990000000000006 0.0019519800000000176
1.0000000000000004 0.0019834500000000016
1.0010000000000006 0.0019872099999999897
1.0020000000000007 0.0019714900000000067
1.0030000000000006 0.0019820799999999976
1.0040000000000004 0.001978409999999998
1.0050000000000006 0.001974769999999999
1.0060000000000007 0.0019728600000000025
1.0070000000000006 0.0019772200000000304
1.0080000000000005 0.0020225100000000247
1.0090000000000006 0.002078679999999975
1.0100000000000007 0.0020411999999999687
1.0110000000000006 0.0019941799999999956
1.0120000000000005 0.0019876500000000005
1.0130000000000006 0.0019887399999999954
1.0140000000000007 0.001981719999999981
1.0150000000000006 0.0019539100000000305
1.0160000000000005 0.001999319999999994
1.0170000000000006 0.001985889999999985
1.0180000000000007 0.0019632099999999948
1.0190000000000006 0.001955120000000025
1.0200000000000005 0.0019929900000000057
1.0210000000000006 0.0020060799999999934
1.0220000000000007 0.0019959800000000053
1.0230000000000006 0.0020037099999999745
1.0240000000000005 0.0019658600000000003
1.0250000000000006 0.0019661600000000167
1.0260000000000007 0.0019908700000000044
1.0270000000000006 0.0019974099999999825
1.0280000000000005 0.0019713499999999967
1.0290000000000006 0.001963670000000012
1.0300000000000007 0.001981150000000015
1.0310000000000006 0.0020033499999999958
1.0320000000000005 0.0019966399999999922
1.0330000000000006 0.00197915000000003
1.0340000000000007 0.0020240299999999996
1.0350000000000006 0.002023489999999973
1.0360000000000005 0.0019825099999999933
1.0370000000000006 0.001966750000000016
1.0380000000000007 0.0019908299999999964
1.0390000000000006 0.0019855800000000267
1.0400000000000005 0.0020251100000000014
1.0410000000000006 0.0020279999999999834
1.0420000000000007 0.0020031999999999975
1.0430000000000006 0.0019995199999999886
1.0440000000000005 0.0019825199999999902
1.0450000000000006 0.0019608100000000177
1.0460000000000007 0.001987020000000002
1.0470000000000006 0.0019905100000000135
1.0480000000000005 0.002010889999999986
1.0490000000000006 0.001980410000000015
1.0500000000000007 0.0020027399999999872
1.0510000000000006 0.0019829800000000057
1.0520000000000005 0.0019912599999999956
1.0530000000000006 0.001981570000000023
1.0540000000000007 0.002016209999999992
1.0550000000000006 0.002003739999999993
1.0560000000000005 0.00199313999999999
1.0570000000000006 0.001971050000000006
1.0580000000000007 0.001979730000000008
1.0590000000000006 0.001991930000000007
1.0600000000000005 0.002002940000000009
1.0610000000000006 0.002022689999999992
1.0620000000000007 0.0020104099999999838
1.0630000000000006 0.0019861599999999933
1.0640000000000005 0.001976100000000018
1.0650000000000006 0.0020168399999999915
1.0660000000000007 0.002003879999999994
1.0670000000000006 0.0019943200000000073
1.0680000000000005 0.002005510000000017
1.0690000000000006 0.002044479999999985
1.0700000000000007 0.0020220999999999993
1.0710000000000006 0.002021170000000014
1.0720000000000005 0.002041919999999988
1.0730000000000006 0.00201411999999999
1.0740000000000007 0.001998730000000003
1.0750000000000006 0.0020030900000000025
1.0760000000000005 0.002007259999999997
1.0770000000000006 0.0020006400000000066
1.0780000000000007 0.0020107999999999823
1.0790000000000006 0.0019839400000000117
1.0800000000000005 0.00200136
1.0810000000000006 0.0020016799999999922
1.0820000000000007 0.0019901500000000056
1.0830000000000006 0.001999000000000008
1.0840000000000005 0.0020116399999999916
1.0850000000000006 0.0019931200000000006
1.0860000000000007 0.0019939000000000202
1.0870000000000006 0.0020243999999999796
1.0880000000000005 0.001993360000000009
1.0890000000000006 0.002013279999999996
1.0900000000000007 0.0020075600000000015
1.0910000000000006 0.0020100600000000136
1.0920000000000005 0.0020307999999999967
1.0930000000000006 0.0020233899999999956
1.0940000000000007 0.0020169700000000133
1.0950000000000006 0.0020370499999999908
1.0960000000000005 0.002023280000000004
1.0970000000000006 0.0020324399999999917
1.0980000000000008 0.0020199099999999985
1.0990000000000006 0.0020176899999999843
1.1000000000000005 0.0019941999999999968
1.1010000000000006 0.00198762000000001
1.1020000000000008 0.0020027999999999977
1.1030000000000006 0.001999340000000008
1.1040000000000005 0.0020111200000000047
1.1050000000000006 0.002021430000000004
1.1060000000000008 0.002027809999999996
1.1070000000000007 0.0020223500000000013
1.1080000000000005 0.002024500000000019
1.1090000000000007 0.002067689999999982
1.1100000000000008 0.00204012999999999
1.1110000000000007 0.002024570000000004
1.1120000000000005 0.0020309200000000137
1.1130000000000007 0.0020616700000000016
1.1140000000000008 0.002064039999999995
1.1150000000000007 0.002056129999999993
1.1160000000000005 0.002045289999999994
1.1170000000000007 0.002031559999999993
1.1180000000000008 0.002021069999999991
1.1190000000000007 0.0020074900000000297
1.1200000000000006 0.002052080000000016
1.1210000000000007 0.0020876599999999803
1.1220000000000008 0.0020580499999999966
1.1230000000000007 0.0020532499999999926
1.1240000000000006 0.002041930000000009
1.1250000000000007 0.0020616900000000092
1.1260000000000008 0.002075819999999957
1.1270000000000007 0.002027230000000027
1.1280000000000006 0.0020682299999999834
1.1290000000000007 0.0020430700000000136
1.1300000000000008 0.0020638799999999724
1.1310000000000007 0.002032819999999989
1.1320000000000006 0.002016280000000011
1.1330000000000007 0.002032630000000015
1.1340000000000008 0.002054569999999998
1.1350000000000007 0.002052270000000007
1.1360000000000006 0.002062780000000014
1.1370000000000007 0.0020840899999999755
1.1380000000000008 0.0020468500000000184
1.1390000000000007 0.0020673399999999913
1.1400000000000006 0.0020539499999999936
1.1410000000000007 0.0020442000000000147
1.1420000000000008 0.0020662800000000128
1.1430000000000007 0.002080800000000002
1.1440000000000006 0.0020837599999999727
1.1450000000000007 0.002043049999999995
1.1460000000000008 0.0020356400000000425
1.1470000000000007 0.0020835300000000023
1.1480000000000006 0.00208673999999997
1.1490000000000007 0.0020416100000000188
1.1500000000000008 0.002069680000000022
1.1510000000000007 0.0020943199999999716
1.1520000000000006 0.002051260000000001
1.1530000000000007 0.002052610000000018
1.1540000000000008 0.002079810000000017
1.1550000000000007 0.002099199999999992
1.1560000000000006 0.002087460000000011
1.1570000000000007 0.0021042099999999835
1.1580000000000008 0.0020796000000000065
1.1590000000000007 0.0020871399999999917
1.1600000000000006 0.002074580000000011
1.1610000000000007 0.0020913200000000063
1.1620000000000008 0.0021006199999999906
1.1630000000000007 0.002089929999999986
1.1640000000000006 0.0020687600000000314
1.1650000000000007 0.0021156499999999885
1.1660000000000008 0.002097979999999964
1.1670000000000007 0.0020573600000000163
1.1680000000000006 0.002081510000000012
1.1690000000000007 0.002099620000000006
1.1700000000000008 0.002108739999999997
1.1710000000000007 0.002105449999999996
1.1720000000000006 0.0020994100000000155
1.1730000000000007 0.0021228800000000028
1.1740000000000008 0.002126949999999976
1.1750000000000007 0.002100049999999986
1.1760000000000006 0.0020794100000000185
1.1770000000000007 0.0021071900000000352
1.1780000000000008 0.002160039999999951
1.1790000000000007 0.002104880000000027
1.1800000000000006 0.0021448799999999983
1.1810000000000007 0.0021424000000000026
1.1820000000000008 0.002146180000000006
1.1830000000000007 0.0021531499999999783
1.1840000000000006 0.0021207300000000064
1.1850000000000007 0.0021304699999999993
1.1860000000000008 0.002129770000000012
1.1870000000000007 0.002143640000000003
1.1880000000000006 0.0021481899999999925
1.1890000000000007 0.0021371000000000064
1.1900000000000008 0.0021464299999999982
1.1910000000000007 0.0021445799999999927
1.1920000000000006 0.002133480000000019
1.1930000000000007 0.002162090000000008
1.1940000000000008 0.002174009999999965
1.1950000000000007 0.002134410000000019
1.1960000000000006 0.0021628899999999885
1.1970000000000007 0.0021458800000000076
1.1980000000000008 0.0021571700000000086
1.1990000000000007 0.0021667399999999947
1.2000000000000006 0.002158369999999997
1.2010000000000007 0.0021543099999999913
1.2020000000000008 0.002140899999999968
1.2030000000000007 0.002105100000000035
1.2040000000000006 0.0021581099999999926
1.2050000000000007 0.002147330000000001
1.2060000000000008 0.0021491500000000124
1.2070000000000007 0.002163059999999994
1.2080000000000006 0.002153700000000003
1.2090000000000007 0.0021588399999999956
1.2100000000000009 0.0021527899999999774
1.2110000000000007 0.0021274800000000127
1.2120000000000006 0.0021465100000000103
1.2130000000000007 0.0021617499999999983
1.2140000000000009 0.002158899999999998
1.2150000000000007 0.002156520000000006
1.2160000000000006 0.002165319999999995
1.2170000000000007 0.0021578800000000013
1.2180000000000009 0.0021601600000000203
1.2190000000000007 0.002182590000000001
1.2200000000000006 0.002184259999999981
1.2210000000000008 0.0021555900000000214
1.2220000000000009 0.0021876300000000146
1.2230000000000008 0.002204020000000009
1.2240000000000006 0.0022172799999999994
1.2250000000000008 0.002216009999999982
1.2260000000000009 0.002188600000000003
1.2270000000000008 0.0021923299999999923
1.2280000000000006 0.0021805599999999968
1.2290000000000008 0.002176100000000001
1.2300000000000009 0.0021777700000000333
1.2310000000000008 0.002215170000000011
1.2320000000000007 0.0022324400000000187
1.2330000000000008 0.0022601999999999805
1.2340000000000009 0.002230959999999971
1.2350000000000008 0.0021987800000000095
1.2360000000000007 0.0022128099999999843
1.2370000000000008 0.002189060000000013
1.2380000000000009 0.0022085499999999966
1.2390000000000008 0.002204680000000014
1.2400000000000007 0.002225949999999997
1.2410000000000008 0.0022213499999999956
1.2420000000000009 0.0022150499999999966
1.2430000000000008 0.002211440000000014
1.2440000000000007 0.0022327700000000033
1.2450000000000008 0.002237650000000003
1.2460000000000009 0.0022423000000000044
1.2470000000000008 0.0022470399999999923
1.2480000000000007 0.0022355000000000174
1.2490000000000008 0.002261559999999977
1.2500000000000009 0.0022272699999999917
1.2510000000000008 0.0022178000000000193
1.2520000000000007 0.0022397800000000015
1.2530000000000008 0.00224197000000003
1.254000000000001 0.0022760300000000096
1.2550000000000008 0.0022866099999999424
1.2560000000000007 0.002221660000000016
1.2570000000000008 0.002245700000000055
1.258000000000001 0.0023074899999999746
1.2590000000000008 0.0022787600000000008
1.2600000000000007 0.0022796899999999952
1.2610000000000008 0.002272370000000004
1.262000000000001 0.002276759999999981
1.2630000000000008 0.0022554500000000143
1.2640000000000007 0.002271610000000009
1.2650000000000008 0.0022847499999999877
1.266000000000001 0.0022707800000000035
1.2670000000000008 0.002274520000000029
1.2680000000000007 0.002307199999999985
1.2690000000000008 0.0022849000000000016
1.270000000000001 0.0022867200000000185
1.2710000000000008 0.002307829999999971
1.2720000000000007 0.0022750299999999973
1.2730000000000008 0.0022708300000000205
1.274000000000001 0.0022935600000000044
1.2750000000000008 0.002298119999999985
1.2760000000000007 0.002281410000000017
1.2770000000000008 0.002307269999999992
1.278000000000001 0.0022983900000000225
1.2790000000000008 0.0023241399999999832
1.2800000000000007 0.002305519999999975
1.2810000000000008 0.0022680000000000113
1.282000000000001 0.002280940000000011
1.2830000000000008 0.00229345000000004
1.2840000000000007 0.002338910000000009
1.2850000000000008 0.0023529099999999884
1.286000000000001 0.0023397400000000094
1.2870000000000008 0.0023503799999999913
1.2880000000000007 0.002340780000000001
1.2890000000000008 0.0023420799999999808
1.290000000000001 0.0023206200000000176
1.2910000000000008 0.002340710000000025
1.2920000000000007 0.002368609999999983
1.2930000000000008 0.002342630000000001
1.294000000000001 0.0023436200000000133
1.2950000000000008 0.0023586699999999998
1.2960000000000007 0.002358610000000003
1.2970000000000008 0.0023635500000000016
1.298000000000001 0.0023655100000000017
1.2990000000000008 0.0023673099999999875
1.3000000000000007 0.002353279999999991
1.3010000000000008 0.0023399600000000367
1.302000000000001 0.002381230000000005
1.3030000000000008 0.0023869499999999775
1.3040000000000007 0.0023615300000000045
1.3050000000000008 0.0023682899999999843
1.306000000000001 0.0023504700000000216
1.3070000000000008 0.0023746899999999953
1.3080000000000007 0.00236891999999999
1.3090000000000008 0.00235429000000003
1.310000000000001 0.002387970000000007
1.3110000000000008 0.0023956500000000113
1.3120000000000007 0.0024080499999999884
1.3130000000000008 0.0023909100000000117
1.314000000000001 0.002404109999999975
1.3150000000000008 0.0023755499999999928
1.3160000000000007 0.00236778000000002
1.3170000000000008 0.0023976100000000183
1.318000000000001 0.002418299999999998
1.3190000000000008 0.0024158699999999715
1.3200000000000007 0.00238401000000003
1.3210000000000008 0.0024293799999999715
1.322000000000001 0.002397579999999995
1.3230000000000008 0.002392170000000027
1.3240000000000007 0.002422730000000002
1.3250000000000008 0.0024258500000000007
1.326000000000001 0.002426320000000004
1.3270000000000008 0.002430669999999998
1.3280000000000007 0.0024284799999999833
1.3290000000000008 0.0024036600000000028
1.330000000000001 0.002406640000000023
1.3310000000000008 0.0024322900000000062
1.3320000000000007 0.002439619999999993
1.3330000000000009 0.002429070000000005
1.334000000000001 0.002434659999999994
1.3350000000000009 0.002427649999999995
1.3360000000000007 0.0024220400000000016
1.3370000000000009 0.0024242300000000125
1.338000000000001 0.0024382800000000006
1.3390000000000009 0.0024392599999999783
1.3400000000000007 0.0024149100000000197
1.3410000000000009 0.0024439799999999953
1.342000000000001 0.002438749999999985
1.3430000000000009 0.0024219899999999833
1.3440000000000007 0.0024032000000000207
1.3450000000000009 0.0024343100000000116
1.346000000000001 0.0024472099999999744
1.3470000000000009 0.0024184999999999953
1.3480000000000008 0.00241274000000001
1.3490000000000009 0.002427949999999997
1.350000000000001 0.002424239999999961
1.3510000000000009 0.0023798100000000156
1.3520000000000008 0.0023973199999999992
1.3530000000000009 0.002395890000000019
1.354000000000001 0.0024170699999999912
1.3550000000000009 0.00240699000000001
1.3560000000000008 0.0024183199999999886
1.3570000000000009 0.002401029999999997
1.358000000000001 0.0023980000000000086
1.3590000000000009 0.00240765000000001
1.3600000000000008 0.0024187500000000003
1.3610000000000009 0.0024192500000000203
1.362000000000001 0.002441970000000005
1.3630000000000009 0.0024479999999999992
1.3640000000000008 0.002446920000000001
1.3650000000000009 0.002448639999999987
1.366000000000001 0.0024343000000000394
1.3670000000000009 0.002478299999999966
1.3680000000000008 0.0024397300000000006
1.3690000000000009 0.0024405199999999873
1.370000000000001 0.0024264800000000004
1.3710000000000009 0.0024266999999999913
1.3720000000000008 0.002417149999999956
1.3730000000000009 0.002351049999999919
1.374000000000001 0.002259869999999857
1.3750000000000009 0.0020991499999999026
1.3760000000000008 0.00198985999999999
1.377000000000001 0.001978530000000004
1.378000000000001 0.001982870000000016
1.379000000000001 0.001997329999999969
1.3800000000000008 0.0019626700000000075
1.381000000000001 0.001971080000000008
1.382000000000001 0.0019797499999999403
1.383000000000001 0.00192575999999999
1.3840000000000008 0.001914580000000013
1.385000000000001 0.0019291300000000061
1.386000000000001 0.0019358699999999821
1.387000000000001 0.0019195200000000315
1.3880000000000008 0.001954820000000008
1.389000000000001 0.0019637500000000137
1.390000000000001 0.001979320000000009
1.391000000000001 0.001987260000000031
1.3920000000000008 0.0020221100000000426
1.393000000000001 0.00207028000000003
1.394000000000001 0.002103870000000035
1.395000000000001 0.00213569000000004
1.3960000000000008 0.0021803899999999813
1.397000000000001 0.0021590800000000298
1.398000000000001 0.0021923700000000506
1.399000000000001 0.0022380699999999974
1.4000000000000008 0.002235339999999998
1.4010000000000007 0.002233260000000013
1.402000000000001 0.002252490000000023
1.403000000000001 0.002273570000000027
1.4040000000000008 0.002303730000000002
1.4050000000000007 0.002306040000000015
1.406000000000001 0.0023279800000000224
1.407000000000001 0.0023479599999999736
1.4080000000000008 0.0023182100000000193
1.4090000000000007 0.0023402300000000265
1.410000000000001 0.00237970000000001
1.411000000000001 0.002389019999999991
1.4120000000000008 0.002378569999999984
1.4130000000000007 0.0023604200000000115
1.414000000000001 0.0023781200000000226
1.415000000000001 0.002398319999999981
1.4160000000000008 0.002377209999999981
1.4170000000000007 0.0023561899999999967
1.418000000000001 0.0023510800000000423
1.419000000000001 0.002389130000000011
1.4200000000000008 0.002401729999999996
1.4210000000000007 0.0023970100000000084
1.422000000000001 0.002409389999999987
1.423000000000001 0.0023977399999999894
1.4240000000000008 0.002385990000000031
1.4250000000000007 0.002421000000000008
1.426000000000001 0.0024335400000000122
1.427000000000001 0.0024446999999999685
1.4280000000000008 0.00240925000000002
1.4290000000000007 0.0024317899999999996
1.430000000000001 0.00243141999999999
1.431000000000001 0.0024223099999999965
1.4320000000000008 0.002418560000000009
1.4330000000000007 0.0024285500000000067
1.434000000000001 0.0024389400000000045
1.435000000000001 0.0024429300000000016
1.4360000000000008 0.0024447700000000024
1.4370000000000007 0.0024472499999999976
1.438000000000001 0.002443559999999976
1.439000000000001 0.0024219700000000367
1.4400000000000008 0.0024634100000000027
1.4410000000000007 0.0024665200000000094
1.442000000000001 0.0024806899999999764
1.443000000000001 0.0024591800000000217
1.4440000000000008 0.00248368000000004
1.4450000000000007 0.0025289599999999903
1.446000000000001 0.002514009999999976
1.447000000000001 0.0024925499999999936
1.4480000000000008 0.0024849700000000095
1.4490000000000007 0.002495470000000004
1.450000000000001 0.0025015500000000017
1.451000000000001 0.0025029600000000176
1.4520000000000008 0.0025225699999999996
1.4530000000000007 0.002521980000000003
1.454000000000001 0.002526609999999967
1.455000000000001 0.0024964
1.4560000000000008 0.002496800000000009
1.4570000000000007 0.0025070400000000133
1.458000000000001 0.002527009999999995
1.459000000000001 0.0025226400000000425
1.4600000000000009 0.002570549999999969
1.4610000000000007 0.002536389999999996
1.462000000000001 0.002530320000000033
1.463000000000001 0.002560200000000023
1.4640000000000009 0.0025856900000000207
1.4650000000000007 0.0026087199999999745
1.466000000000001 0.002570430000000005
1.467000000000001 0.002574889999999996
1.4680000000000009 0.0025697700000000116
1.4690000000000007 0.0025830400000000043
1.470000000000001 0.0025895400000000074
1.471000000000001 0.002595890000000017
1.4720000000000009 0.0026147599999999964
1.4730000000000008 0.002611249999999972
1.474000000000001 0.002569390000000024
1.475000000000001 0.0025909399999999964
1.4760000000000009 0.0025871900000000044
1.4770000000000008 0.002592120000000006
1.478000000000001 0.002601310000000037
1.479000000000001 0.002634809999999978
1.4800000000000009 0.002609870000000018
1.4810000000000008 0.0026301400000000013
1.482000000000001 0.002631989999999983
1.483000000000001 0.0026166400000000173
1.4840000000000009 0.0026363099999999963
1.4850000000000008 0.0026319500000000066
1.486000000000001 0.0026415499999999843
1.487000000000001 0.002627769999999992
1.4880000000000009 0.002618910000000021
1.4890000000000008 0.0026425399999999836
1.490000000000001 0.002618429999999985
1.491000000000001 0.0026051600000000317
1.4920000000000009 0.002640999999999965
1.4930000000000008 0.0026014700000000267
1.494000000000001 0.0026412500000000012
1.495000000000001 0.0026424000000000087
1.4960000000000009 0.002652349999999984
1.4970000000000008 0.0026345300000000117
1.498000000000001 0.002652290000000033
1.499000000000001 0.0026818599999999916
1.5000000000000009 0.002672689999999995
1.5010000000000008 0.0026668000000000026
1.5020000000000011 0.0026699700000000063
1.503000000000001 0.0026760799999999934
1.504000000000001 0.00266992
1.5050000000000008 0.002669899999999983
1.5060000000000011 0.0026502800000000174
1.507000000000001 0.0026663000000000238
1.508000000000001 0.0026878000000000123
1.5090000000000008 0.0027015100000000025
1.5100000000000011 0.0027049199999999956
1.511000000000001 0.0027008099999999936
1.512000000000001 0.0026948699999999976
1.5130000000000008 0.0026924500000000016
1.5140000000000011 0.002694290000000006
1.515000000000001 0.002700020000000009
1.516000000000001 0.0027082600000000066
1.5170000000000008 0.002715490000000006
1.5180000000000011 0.0027221800000000107
1.519000000000001 0.002731860000000012
1.520000000000001 0.0027427000000000146
1.5210000000000008 0.0027586699999999926
1.5220000000000011 0.0027504399999999877
1.523000000000001 0.0027395399999999887
1.524000000000001 0.00272933000000003
1.5250000000000008 0.0027633599999999964
1.5260000000000011 0.00275887000000001
1.527000000000001 0.002767680000000004
1.528000000000001 0.002771039999999991
1.5290000000000008 0.0027610899999999956
1.5300000000000011 0.0027561299999999903
1.531000000000001 0.002747750000000029
1.532000000000001 0.0027735399999999997
1.5330000000000008 0.002773339999999972
1.5340000000000011 0.002741340000000001
1.535000000000001 0.002742120000000046
1.536000000000001 0.0027834500000000007
1.5370000000000008 0.002783780000000016
1.5380000000000011 0.0028020000000000132
1.539000000000001 0.002813929999999935
1.540000000000001 0.0027553099999999987
1.5410000000000008 0.002753400000000038
1.5420000000000011 0.0027964899999999853
1.543000000000001 0.0027836200000000205
1.544000000000001 0.0028023400000000017
1.5450000000000008 0.0028044200000000045
1.5460000000000012 0.0028092500000000036
1.547000000000001 0.0028126299999999905
1.548000000000001 0.002804059999999992
1.5490000000000008 0.00279507
1.5500000000000012 0.002794760000000017
1.551000000000001 0.0028100100000000173
1.552000000000001 0.0028255699999999674
1.5530000000000008 0.002788879999999984
1.5540000000000012 0.0027709200000000595
1.555000000000001 0.0028246500000000006
1.556000000000001 0.0028250899999999824
1.5570000000000008 0.00280478000000003
1.5580000000000012 0.002838330000000012
1.559000000000001 0.002849209999999969
1.560000000000001 0.0028210599999999673
1.5610000000000008 0.002784220000000015
1.5620000000000012 0.0028009000000000037
1.563000000000001 0.002804380000000029
1.564000000000001 0.0028302100000000188
1.5650000000000008 0.0028506199999999903
1.5660000000000012 0.002840149999999976
1.567000000000001 0.002818730000000022
1.568000000000001 0.002838940000000028
1.5690000000000008 0.0028707999999999646
1.5700000000000012 0.0028307700000000076
1.571000000000001 0.0028372699999999855
1.572000000000001 0.0028240700000000123
1.5730000000000008 0.002837579999999994
1.5740000000000012 0.002830770000000003
1.575000000000001 0.0028333999999999764
1.576000000000001 0.00281244000000001
1.5770000000000008 0.0028236500000000143
1.5780000000000012 0.002839760000000037
1.579000000000001 0.002873099999999979
1.580000000000001 0.002854070000000014
1.5810000000000008 0.002869960000000013
1.5820000000000012 0.0028846999999999857
1.583000000000001 0.002871850000000011
1.584000000000001 0.0028811500000000085
1.5850000000000009 0.002890559999999977
1.5860000000000012 0.00286499999999999
1.587000000000001 0.002856020000000001
1.588000000000001 0.002857030000000005
1.5890000000000009 0.0028635900000000057
1.5900000000000012 0.002870360000000022
1.591000000000001 0.0028900299999999866
1.592000000000001 0.0028781799999999928
1.5930000000000009 0.0028699100000000033
1.5940000000000012 0.0028738800000000096
1.595000000000001 0.0028826599999999952
1.596000000000001 0.0028781800000000006
1.5970000000000009 0.0028789200000000114
1.5980000000000012 0.0028918200000000284
1.599000000000001 0.0029174699999999815
1.600000000000001 0.002900910000000009
1.6010000000000009 0.002911249999999979
1.6020000000000012 0.0028872699999999735
1.603000000000001 0.002863500000000015
1.604000000000001 0.002876930000000018
1.6050000000000009 0.0028974400000000124
1.6060000000000012 0.00291108999999997
1.607000000000001 0.0028841399999999977
1.608000000000001 0.002881990000000025
1.6090000000000009 0.0029101200000000087
1.6100000000000012 0.00291988999999997
1.611000000000001 0.002892749999999992
1.612000000000001 0.002885930000000016
1.6130000000000009 0.0029043600000000086
1.6140000000000012 0.002913860000000003
1.615000000000001 0.0029169399999999907
1.616000000000001 0.0029084199999999875
1.6170000000000009 0.002894749999999991
1.6180000000000012 0.0028849100000000335
1.619000000000001 0.002914840000000013
1.620000000000001 0.0029264399999999924
1.6210000000000009 0.0029174800000000213
1.6220000000000012 0.0029414699999999756
1.623000000000001 0.002919400000000019
1.624000000000001 0.00293710000000002
1.6250000000000009 0.002959559999999957
1.6260000000000012 0.002911420000000008
1.6270000000000011 0.002917170000000038
1.628000000000001 0.002951379999999999
1.629000000000001 0.0029504799999999732
1.6300000000000012 0.002920790000000024
1.6310000000000011 0.0029385000000000192
1.632000000000001 0.0029561299999999752
1.633000000000001 0.0029336600000000007
1.6340000000000012 0.002934380000000017
1.6350000000000011 0.002947379999999984
1.636000000000001 0.0029331000000000023
1.637000000000001 0.0029352100000000175
1.6380000000000012 0.002955120000000021
1.6390000000000011 0.0029708299999999903
1.640000000000001 0.0029622399999999875
1.641000000000001 0.002951319999999995
1.6420000000000012 0.0029455099999999897
1.6430000000000011 0.00293767000000001
1.644000000000001 0.0029465200000000037
1.645000000000001 0.002949669999999997
1.6460000000000012 0.002946449999999986
1.6470000000000011 0.0029361399999999977
1.648000000000001 0.002934300000000021
1.649000000000001 0.0029535200000000037
1.6500000000000012 0.0029578099999999913
1.6510000000000011 0.0029509999999999866
1.652000000000001 0.0029390999999999896
1.653000000000001 0.0029294300000000466
1.6540000000000012 0.002981919999999987
1.6550000000000011 0.0029719199999999803
1.656000000000001 0.002953809999999999
1.657000000000001 0.002952570000000006
1.6580000000000013 0.002959700000000003
1.6590000000000011 0.0029615900000000022
1.660000000000001 0.002963440000000013
1.661000000000001 0.0029747499999999783
1.6620000000000013 0.002950540000000024
1.6630000000000011 0.0029688800000000275
1.664000000000001 0.0029939499999999614
1.665000000000001 0.0029590800000000046
1.6660000000000013 0.002964129999999977
1.6670000000000011 0.0029471099999999854
1.668000000000001 0.002934190000000065
1.669000000000001 0.002993299999999987
1.6700000000000013 0.0029790100000000245
1.6710000000000012 0.002997330000000007
1.672000000000001 0.00300311999999995
1.673000000000001 0.002957429999999993
1.6740000000000013 0.002949819999999984
1.6750000000000012 0.0029378000000000295
1.676000000000001 0.0029643300000000545
1.677000000000001 0.003013520000000014
1.6780000000000013 0.0030293899999999947
1.6790000000000012 0.0030253799999999348
1.680000000000001 0.0029669600000000198
1.681000000000001 0.002984420000000022
1.6820000000000013 0.0030091900000000023
1.6830000000000012 0.0030109000000000403
1.684000000000001 0.003047029999999953
1.685000000000001 0.0030049100000000017
1.6860000000000013 0.003006680000000013
1.6870000000000012 0.00301610999999998
1.688000000000001 0.002997690000000021
1.689000000000001 0.0030164699999999816
1.6900000000000013 0.002996100000000032
1.6910000000000012 0.0030201700000000243
1.692000000000001 0.003041959999999962
1.693000000000001 0.003007679999999993
1.6940000000000013 0.003000340000000028
1.6950000000000012 0.003021039999999992
1.696000000000001 0.0030139000000000255
1.697000000000001 0.0030368699999999745
1.6980000000000013 0.0030079600000000152
1.6990000000000012 0.003019230000000006
1.700000000000001 0.0030247900000000215
1.701000000000001 0.003044469999999994
1.7020000000000013 0.0030373499999999686
1.7030000000000012 0.003013940000000029
1.704000000000001 0.0030405099999999646
1.705000000000001 0.00300872000000001
1.7060000000000013 0.003019780000000035
1.7070000000000012 0.003045720000000013
1.708000000000001 0.003056980000000011
1.709000000000001 0.0030667499999999658
1.7100000000000013 0.0030283299999999784
1.7110000000000012 0.0030121100000000144
1.712000000000001 0.003025249999999989
1.713000000000001 0.0030149999999999977
1.7140000000000013 0.003012740000000042
1.7150000000000012 0.0030445899999999916
1.716000000000001 0.003036939999999982
1.717000000000001 0.003020460000000001
1.7180000000000013 0.00302140000000002
1.7190000000000012 0.003036279999999975
1.720000000000001 0.003013569999999971
1.721000000000001 0.0029876600000000183
1.7220000000000013 0.003008310000000057
1.7230000000000012 0.003050669999999976
1.724000000000001 0.003029349999999994
1.725000000000001 0.0030238399999999686
1.7260000000000013 0.0029886300000000303
1.7270000000000012 0.003011680000000041
1.728000000000001 0.003048869999999983
1.729000000000001 0.00303318999999999
1.7300000000000013 0.0030216300000000603
1.7310000000000012 0.0030666800000000135
1.732000000000001 0.0030787399999999887
1.733000000000001 0.0030685899999999843
1.7340000000000013 0.003051399999999974
1.7350000000000012 0.003031950000000018
1.736000000000001 0.003048210000000018
1.737000000000001 0.0030648899999999807
1.7380000000000013 0.0030430699999999607
1.7390000000000012 0.0030135900000000278
1.740000000000001 0.0030388200000000076
1.741000000000001 0.003045989999999999
1.7420000000000013 0.0030444899999999895
1.7430000000000012 0.0030366300000000037
1.744000000000001 0.003039860000000022
1.745000000000001 0.0030599099999999973
1.7460000000000013 0.003056609999999937
1.7470000000000012 0.003009070000000021
1.748000000000001 0.0030280699999999956
1.749000000000001 0.003024189999999998
1.7500000000000013 0.0030222799999999957
1.7510000000000012 0.0030188100000000675
1.7520000000000011 0.0030690499999999894
1.753000000000001 0.0030597299999999767
1.7540000000000013 0.0030385500000000235
1.7550000000000012 0.0030565299999999558
1.7560000000000011 0.0030233500000000054
1.757000000000001 0.003027629999999998
1.7580000000000013 0.0030260399999999894
1.7590000000000012 0.0030180000000000675
1.7600000000000011 0.003068489999999971
1.761000000000001 0.0030425099999999506
1.7620000000000013 0.002997940000000018
1.7630000000000012 0.0030111400000000076
1.7640000000000011 0.0030171000000000026
1.765000000000001 0.003019629999999986
1.7660000000000013 0.0030073400000000007
1.7670000000000012 0.00300794000000003
1.7680000000000011 0.0030305500000000134
1.769000000000001 0.0030424199999999776
1.7700000000000014 0.0030218700000000254
1.7710000000000012 0.003041089999999995
1.7720000000000011 0.003037379999999988
1.773000000000001 0.0030261699999999847
1.7740000000000014 0.0030122999999999817
1.7750000000000012 0.0029986099999999975
1.7760000000000011 0.0029969800000000145
1.777000000000001 0.0030100100000000456
1.7780000000000014 0.0030509399999999933
1.7790000000000012 0.0030461199999999604
1.7800000000000011 0.0030164200000000157
1.781000000000001 0.003030609999999991
1.7820000000000014 0.0030219399999999773
1.7830000000000013 0.0030048699999999794
1.7840000000000011 0.0029893300000000426
1.785000000000001 0.0030277800000000216
1.7860000000000014 0.0030471599999999568
1.7870000000000013 0.003014620000000029
1.7880000000000011 0.0030362700000000275
1.789000000000001 0.003061360000000017
1.7900000000000014 0.0030762199999999364
1.7910000000000013 0.0030284400000000207
1.7920000000000011 0.0030438499999999717
1.793000000000001 0.0030183799999999854
1.7940000000000014 0.0030055000000000164
1.7950000000000013 0.0030179200000000324
1.7960000000000012 0.0030420499999999928
1.797000000000001 0.0030354900000000035
1.7980000000000014 0.0030385000000000177
1.7990000000000013 0.003051879999999958
1.8000000000000012 0.0030202299999999753
1.801000000000001 0.0029982100000000155
1.8020000000000014 0.0030123000000000536
1.8030000000000013 0.0030525499999999955
1.8040000000000012 0.0030491699999999925
1.805000000000001 0.0030425299999999734
1.8060000000000014 0.003018419999999976
1.8070000000000013 0.0030004799999999933
1.8080000000000012 0.002995490000000025
1.809000000000001 0.003018119999999973
1.8100000000000014 0.0029938100000000416
1.8110000000000013 0.0030248699999999994
1.8120000000000012 0.0030243799999999967
1.813000000000001 0.003021350000000002
1.8140000000000014 0.003023460000000032
1.8150000000000013 0.0030477599999999883
1.8160000000000012 0.003039019999999977
1.817000000000001 0.0030181900000000404
1.8180000000000014 0.003054499999999978
1.8190000000000013 0.0030379300000000008
1.8200000000000012 0.0030387299999999817
1.821000000000001 0.0030222700000000022
1.8220000000000014 0.0030244100000000364
1.8230000000000013 0.003051440000000022
1.8240000000000012 0.0030678299999999776
1.825000000000001 0.003048080000000003
1.8260000000000014 0.003050629999999987
1.8270000000000013 0.0030410799999999586
1.8280000000000012 0.0030100700000000136
1.829000000000001 0.003021910000000009
1.8300000000000014 0.0030302400000000087
1.8310000000000013 0.003036470000000003
1.8320000000000012 0.0030386699999999977
1.833000000000001 0.003036629999999993
1.8340000000000014 0.0030301900000000064
1.8350000000000013 0.0030351700000000176
1.8360000000000012 0.0030486499999999917
1.837000000000001 0.003041369999999999
1.8380000000000014 0.0030404399999999932
1.8390000000000013 0.003035469999999979
1.8400000000000012 0.003019569999999999
1.841000000000001 0.0030188999999999962
1.8420000000000014 0.003015639999999958
1.8430000000000013 0.0029840900000000703
1.8440000000000012 0.0030371100000000212
1.845000000000001 0.0030562800000000162
1.8460000000000014 0.0030708499999999327
1.8470000000000013 0.003020629999999988
1.8480000000000012 0.003011519999999974
1.849000000000001 0.002988400000000011
1.8500000000000014 0.0029983699999999646
1.8510000000000013 0.0029718700000000375
1.8520000000000012 0.0030003900000000177
1.853000000000001 0.003016620000000013
1.8540000000000014 0.003028079999999953
1.8550000000000013 0.002992629999999992
1.8560000000000012 0.0029863399999999767
1.857000000000001 0.0029655000000000354
1.8580000000000014 0.0029973000000000165
1.8590000000000013 0.0030096299999999424
1.8600000000000012 0.002966879999999986
1.861000000000001 0.002954609999999989
1.8620000000000014 0.0029451799999999895
1.8630000000000013 0.0029371700000000093
1.8640000000000012 0.0029441999999999966
1.865000000000001 0.0029409799999999984
1.8660000000000014 0.002939279999999967
1.8670000000000013 0.0029143900000000124
1.8680000000000012 0.002923369999999961
1.869000000000001 0.002888409999999974
1.8700000000000014 0.0028647800000000056
1.8710000000000013 0.0028688299999999386
1.8720000000000012 0.0028224999999999943
1.873000000000001 0.00281738999999995
1.8740000000000014 0.00277223999999999
1.8750000000000013 0.0027646199999999577
1.8760000000000012 0.00273313000000001
1.8770000000000011 0.0027408299999999858
1.8780000000000014 0.002728079999999984
1.8790000000000013 0.0027177399999999126
1.8800000000000012 0.002652009999999989
1.8810000000000011 0.0026436499999999753
1.8820000000000014 0.002621319999999985
1.8830000000000013 0.0026121899999999643
1.8840000000000012 0.002585520000000029
1.8850000000000011 0.002607069999999951
1.8860000000000015 0.0025628199999999392
1.8870000000000013 0.002523599999999977
1.8880000000000012 0.0025063299999999755
1.8890000000000011 0.002487849999999946
1.8900000000000015 0.0024393000000000257
1.8910000000000013 0.002455659999999955
1.8920000000000012 0.0024216599999999765
1.8930000000000011 0.0024041399999999813
1.8940000000000015 0.002387419999999947
1.8950000000000014 0.0023530999999999266
1.8960000000000012 0.0022981699999999852
1.8970000000000011 0.00228703
1.8980000000000015 0.0022868499999999744
1.8990000000000014 0.0022703899999999846
1.9000000000000012 0.002258829999999967
1.9010000000000011 0.0022339100000000147
1.9020000000000015 0.0022471699999999646
1.9030000000000014 0.002224289999999935
1.9040000000000012 0.00217554
1.9050000000000011 0.002175560000000047
1.9060000000000015 0.002217819999999963
1.9070000000000014 0.0021938300000000047
1.9080000000000013 0.0021973799999999745
1.9090000000000011 0.002178219999999989
1.9100000000000015 0.002168320000000023
1.9110000000000014 0.0021830700000000313
1.9120000000000013 0.0022066199999999556
1.9130000000000011 0.002173230000000041
1.9140000000000015 0.00221038999999998
1.9150000000000014 0.0021973799999999996
1.9160000000000013 0.0021971799999999696
1.9170000000000011 0.002174300000000033
1.9180000000000015 0.0022039199999999777
1.9190000000000014 0.002189440000000049
1.9200000000000013 0.0022262400000000126
1.9210000000000012 0.0022356800000000246
1.9220000000000015 0.0022580399999999356
1.9230000000000014 0.00221653999999998
1.9240000000000013 0.0022014500000000384
1.9250000000000012 0.0022301299999999812
1.9260000000000015 0.002213390000000017
1.9270000000000014 0.002224090000000048
1.9280000000000013 0.0022602100000000073
1.9290000000000012 0.0022656299999999764
1.9300000000000015 0.002244460000000017
1.9310000000000014 0.002255570000000057
1.9320000000000013 0.00229826
1.9330000000000012 0.002298250000000006
1.9340000000000015 0.0023035400000000175
1.9350000000000014 0.0023147299999999537
1.9360000000000013 0.002279919999999988
1.9370000000000012 0.0022706800000000327
1.9380000000000015 0.002300269999999977
1.9390000000000014 0.0022855300000000087
1.9400000000000013 0.00229190000000002
1.9410000000000012 0.0023069600000000198
1.9420000000000015 0.002324759999999993
1.9430000000000014 0.0023203699999999926
1.9440000000000013 0.0023148699999999927
1.9450000000000012 0.002309509999999992
1.9460000000000015 0.002302469999999938
1.9470000000000014 0.0022625400000000962
1.9480000000000013 0.0023348699999999546
1.9490000000000012 0.002300800000000022
1.9500000000000015 0.0023208400000000145
1.9510000000000014 0.0023301799999999816
1.9520000000000013 0.002316179999999971
1.9530000000000012 0.0022944299999999996
1.9540000000000015 0.0022941700000000467
1.9550000000000014 0.0023242400000000004
1.9560000000000013 0.0023247300000000344
1.9570000000000012 0.0023503200000000086
1.9580000000000015 0.0023580099999999833
1.9590000000000014 0.002347180000000002
1.9600000000000013 0.002348580000000024
1.9610000000000012 0.0023667699999999755
1.9620000000000015 0.0023447699999999847
1.9630000000000014 0.002335000000000001
1.9640000000000013 0.002335529999999988
1.9650000000000012 0.0023263300000000414
1.9660000000000015 0.002363309999999925
1.9670000000000014 0.0023149900000000445
1.9680000000000013 0.0023483499999999947
1.9690000000000012 0.0023443100000000204
1.9700000000000015 0.002362589999999993
1.9710000000000014 0.002358069999999991
1.9720000000000013 0.0023513099999999615
1.9730000000000012 0.0023223600000000125
1.9740000000000015 0.002333500000000103
1.9750000000000014 0.002399749999999973
1.9760000000000013 0.0023794399999999658
1.9770000000000012 0.002353830000000034
1.9780000000000015 0.002384479999999999
1.9790000000000014 0.0023838900000000434
1.9800000000000013 0.0024165999999999797
1.9810000000000012 0.002401490000000005
1.9820000000000015 0.0024061000000000035
1.9830000000000014 0.002408440000000026
1.9840000000000013 0.002427889999999994
1.9850000000000012 0.002423440000000012
1.9860000000000015 0.00243424000000001
1.9870000000000014 0.002440629999999988
1.9880000000000013 0.002431410000000014
1.9890000000000012 0.0024419100000000397
1.9900000000000015 0.0024780299999999917
1.9910000000000014 0.002472869999999996
1.9920000000000013 0.0024697100000000043
1.9930000000000012 0.0024728100000000345
1.9940000000000015 0.0025038800000000035
1.9950000000000014 0.002506160000000019
1.9960000000000013 0.0025203599999999533
1.9970000000000012 0.0024854900000000372
1.9980000000000016 0.0025190700000000503
1.9990000000000014 0.0025514599999999976
2.0000000000000013 0.002549850000000015
2.0010000000000012 0.0025608999999999905
2.0020000000000016 0.002553880000000046
2.0030000000000014 0.0025796899999999743
2.0040000000000013 0.002560460000000008
2.0050000000000012 0.0025663500000000215
2.0060000000000016 0.0025823999999999947
2.0070000000000014 0.0025792100000000275
2.0080000000000013 0.0025997999999999577
2.0090000000000012 0.002568030000000044
2.0100000000000016 0.002600940000000032
2.0110000000000015 0.0026191700000000313
2.0120000000000013 0.0026423600000000476
2.0130000000000012 0.002677899999999942
2.0140000000000016 0.002634430000000039
2.0150000000000015 0.0026567299999999986
2.0160000000000013 0.002656050000000001
2.0170000000000012 0.0026570400000000076
2.0180000000000016 0.002662920000000037
2.0190000000000015 0.0026837699999999725
2.0200000000000014 0.0026632400000000367
2.0210000000000012 0.0026906899999999978
2.0220000000000016 0.0026890099999999717
2.0230000000000015 0.0026730400000000306
2.0240000000000014 0.0026957699999999502
2.0250000000000012 0.002658220000000042
2.0260000000000016 0.0026895300000000094
2.0270000000000015 0.0026949500000000215
2.0280000000000014 0.0027113200000000275
2.0290000000000012 0.002732139999999986
2.0300000000000016 0.0027216500000000242
2.0310000000000015 0.00273543000000005
2.0320000000000014 0.002773039999999998
2.0330000000000013 0.002771549999999992
2.0340000000000016 0.002765699999999977
2.0350000000000015 0.0027528599999999894
2.0360000000000014 0.002745019999999981
2.0370000000000013 0.0027306400000000563
2.0380000000000016 0.0027733200000000413
2.0390000000000015 0.0027965600000000087
2.0400000000000014 0.002802720000000003
2.0410000000000013 0.0028050000000000323
2.0420000000000016 0.0028289900000000113
2.0430000000000015 0.0028352300000000085
2.0440000000000014 0.00284138999999998
2.0450000000000013 0.002826690000000005
2.0460000000000016 0.0028302400000000654
2.0470000000000015 0.0028671100000000034
2.0480000000000014 0.00286981000000001
2.0490000000000013 0.0028771599999999962
2.0500000000000016 0.0028741999999999874
2.0510000000000015 0.0028669200000000267
2.0520000000000014 0.0028869200000000306
2.0530000000000013 0.0029099999999999994
2.0540000000000016 0.0029094900000000566
2.0550000000000015 0.0029414399999999554
2.0560000000000014 0.002907650000000029
2.0570000000000013 0.002929440000000004
2.0580000000000016 0.0029326900000000472
2.0590000000000015 0.002959289999999968
2.0600000000000014 0.002935580000000009
2.0610000000000013 0.002942279999999988
2.0620000000000016 0.0029336099999999928
2.0630000000000015 0.002929610000000039
2.0640000000000014 0.0029585800000000353
2.0650000000000013 0.0029848099999999944
2.0660000000000016 0.0029807099999999364
2.0670000000000015 0.002945180000000014
2.0680000000000014 0.0029556099999999857
2.0690000000000013 0.00294488000000003
2.0700000000000016 0.0029669099999999637
2.0710000000000015 0.0029466200000000126
2.0720000000000014 0.002956259999999995
2.0730000000000013 0.002952409999999997
2.0740000000000016 0.002950529999999987
2.0750000000000015 0.0029431399999999787
2.0760000000000014 0.002926839999999995
2.0770000000000013 0.0029229799999999978
2.0780000000000016 0.0029214999999999935
2.0790000000000015 0.0029176400000000195
2.0800000000000014 0.00293220999999993
2.0810000000000013 0.002879579999999998
2.0820000000000016 0.0028779200000000633
2.0830000000000015 0.002913579999999961
2.0840000000000014 0.0028841399999999773
2.0850000000000013 0.0028669500000000174
2.0860000000000016 0.002880480000000039
2.0870000000000015 0.002902340000000016
2.0880000000000014 0.0029143099999999543
2.0890000000000013 0.0028799499999999974
2.0900000000000016 0.0028776900000000087
2.0910000000000015 0.0028825799999999857
2.0920000000000014 0.002871769999999973
2.0930000000000013 0.002851359999999952
2.0940000000000016 0.0028153500000000433
2.0950000000000015 0.00283968000000006
2.0960000000000014 0.002884809999999966
2.0970000000000013 0.002859379999999981
2.0980000000000016 0.002844850000000066
2.0990000000000015 0.002881910000000002
2.1000000000000014 0.0028834200000000527
2.1010000000000013 0.0029231399999999595
2.1020000000000016 0.0028926999999999547
2.1030000000000015 0.0028669500000000165
2.1040000000000014 0.0028793099999999887
2.1050000000000013 0.0028710200000000457
2.1060000000000016 0.0029051700000000224
2.1070000000000015 0.0029175299999999894
2.1080000000000014 0.002909669999999995
2.1090000000000013 0.00290584999999998
2.1100000000000017 0.002890899999999954
2.1110000000000015 0.002865020000000043
2.1120000000000014 0.002897340000000002
2.1130000000000013 0.002898900000000012
2.1140000000000017 0.002908069999999986
2.1150000000000015 0.002900139999999973
2.1160000000000014 0.0028796800000000606
2.1170000000000013 0.002925150000000019
2.1180000000000017 0.00293922999999994
2.1190000000000015 0.002905539999999973
2.1200000000000014 0.0028855200000000346
2.1210000000000013 0.002911619999999964
2.1220000000000017 0.0028849100000000088
2.1230000000000016 0.002889820000000031
2.1240000000000014 0.0029131699999999875
2.1250000000000013 0.002904019999999981
2.1260000000000017 0.00288975
2.1270000000000016 0.0028898000000000122
2.1280000000000014 0.0028966200000000485
2.1290000000000013 0.002933149999999993
2.1300000000000017 0.002927930000000005
2.1310000000000016 0.0029304700000000465
2.1320000000000014 0.002956859999999969
2.1330000000000013 0.002933550000000048
2.1340000000000017 0.0029696499999999296
2.1350000000000016 0.0029302400000000162
2.1360000000000015 0.0029392200000000522
2.1370000000000013 0.00297826999999999
2.1380000000000017 0.0029708399999999998
2.1390000000000016 0.0029705399999999773
2.1400000000000015 0.002957650000000026
2.1410000000000013 0.002977400000000003
2.1420000000000017 0.002979329999999997
2.1430000000000016 0.002977900000000071
2.1440000000000015 0.0030179300000000063
2.1450000000000014 0.0030230799999999792
2.1460000000000017 0.0030073600000000587
2.1470000000000016 0.0030403400000000324
2.1480000000000015 0.003058499999999931
2.1490000000000014 0.003006870000000033
2.1500000000000017 0.003031800000000009
2.1510000000000016 0.00303671999999994
2.1520000000000015 0.0030028400000000144
2.1530000000000014 0.003013610000000014
2.1540000000000017 0.0030245799999999486
2.1550000000000016 0.0029954300000001126
2.1560000000000015 0.003058759999999981
2.1570000000000014 0.0030444099999999336
2.1580000000000017 0.0029945900000000153
2.1590000000000016 0.003003379999999976
2.1600000000000015 0.002989820000000008
2.1610000000000014 0.0029956900000000413
2.1620000000000017 0.0030269799999999803
2.1630000000000016 0.0030157499999999902
2.1640000000000015 0.0030105199999999823
2.1650000000000014 0.0029971199999999625
2.1660000000000017 0.002969390000000024
2.1670000000000016 0.0029828799999999838
2.1680000000000015 0.0029737300000000377
2.1690000000000014 0.0030022399999999464
2.1700000000000017 0.002962089999999985
2.1710000000000016 0.0029536399999999744
2.1720000000000015 0.0029393300000000394
2.1730000000000014 0.002968899999999957
2.1740000000000017 0.0029366999999999605
2.1750000000000016 0.0029145800000000273
2.1760000000000015 0.002929940000000037
2.1770000000000014 0.0029578099999999887
2.1780000000000017 0.002949259999999974
2.1790000000000016 0.002934529999999983
2.1800000000000015 0.002924730000000011
2.1810000000000014 0.0029331699999999355
2.1820000000000017 0.002884760000000008
2.1830000000000016 0.0028889800000000384
2.1840000000000015 0.0029105299999999724
2.1850000000000014 0.002889660000000018
2.1860000000000017 0.0029029099999999157
2.1870000000000016 0.0028553600000000073
2.1880000000000015 0.0028594300000000365
2.1890000000000014 0.0028870999999999598
2.1900000000000017 0.002856509999999971
2.1910000000000016 0.002840399999999993
2.1920000000000015 0.0028363199999999413
2.1930000000000014 0.002792110000000036
2.1940000000000017 0.0028194000000000214
2.1950000000000016 0.0028313900000000395
2.1960000000000015 0.0028538299999999726
2.1970000000000014 0.0028333099999999414
2.1980000000000017 0.0027890400000000594
2.1990000000000016 0.0028223400000000507
2.2000000000000015 0.0028510499999999696
2.2010000000000014 0.002828169999999999
2.2020000000000017 0.0028276399999999442
2.2030000000000016 0.0027959800000000494
2.2040000000000015 0.002823849999999965
2.2050000000000014 0.002797459999999954
2.2060000000000017 0.0027629200000000593
2.2070000000000016 0.0027962699999999796
2.2080000000000015 0.0027845799999999727
2.2090000000000014 0.00276425
2.2100000000000017 0.0027647999999999714
2.2110000000000016 0.0027486200000000054
2.2120000000000015 0.0027517699999999893
2.2130000000000014 0.002743789999999944
2.2140000000000017 0.0027017099999999765
2.2150000000000016 0.002688720000000049
2.2160000000000015 0.002716249999999969
2.2170000000000014 0.002693019999999951
2.2180000000000017 0.002656169999999984
2.2190000000000016 0.0026474600000001213
2.2200000000000015 0.002715779999999953
2.2210000000000014 0.002680199999999934
2.2220000000000018 0.0026304899999999337
2.2230000000000016 0.002593270000000013
2.2240000000000015 0.0026006899999999862
2.2250000000000014 0.002590189999999967
2.2260000000000018 0.0025656300000000184
2.2270000000000016 0.0025758099999999284
2.2280000000000015 0.0025354099999999402
2.2290000000000014 0.002490410000000025
2.2300000000000018 0.002509190000000006
2.2310000000000016 0.0025127599999999607
2.2320000000000015 0.0024904899999999715
2.2330000000000014 0.00246909999999998
2.2340000000000018 0.002454229999999993
2.2350000000000017 0.002450189999999972
2.2360000000000015 0.0024346300000000045
2.2370000000000014 0.0024377099999999007
2.2380000000000018 0.0023633400000000037
2.2390000000000017 0.0023655899999999396
2.2400000000000015 0.0023315100000000635
2.2410000000000014 0.002379289999999952
2.2420000000000018 0.0023429600000000454
2.2430000000000017 0.002368499999999995
2.2440000000000015 0.0023658499999999927
2.2450000000000014 0.002360379999999937
2.2460000000000018 0.0023131299999999836
2.2470000000000017 0.002303899999999983
2.2480000000000016 0.0022942899999999714
2.2490000000000014 0.0022727799999999725
2.2500000000000018 0.0022520899999999597
2.2510000000000017 0.0022295100000000343
2.2520000000000016 0.002248810000000028
2.2530000000000014 0.002264629999999942
2.254000000000002 0.002221100000000011
2.2550000000000017 0.0022272099999999435
2.2560000000000016 0.002195449999999954
2.2570000000000014 0.0021694799999999945
2.258000000000002 0.0021653699999999807
2.2590000000000017 0.0021544199999999083
2.2600000000000016 0.0021029100000000286
2.2610000000000015 0.0021190799999999807
2.262000000000002 0.0021044899999999632
2.2630000000000017 0.0020836499999999833
2.2640000000000016 0.0020742599999999532
2.2650000000000015 0.0020479299999999977
2.266000000000002 0.00204612999999996
2.2670000000000017 0.002023689999999975
2.2680000000000016 0.002009669999999948
2.2690000000000015 0.0019802500000000206
2.270000000000002 0.0019956100000000417
2.2710000000000017 0.002019019999999987
2.2720000000000016 0.002011599999999917
2.2730000000000015 0.001964749999999984
2.274000000000002 0.0019524499999999773
2.2750000000000017 0.001939680000000026
2.2760000000000016 0.0019543699999999436
2.2770000000000015 0.0019225999999999922
2.278000000000002 0.0019167899999999868
2.2790000000000017 0.0019094900000000224
2.2800000000000016 0.0019220599999999624
2.2810000000000015 0.0019009299999999964
2.282000000000002 0.001898180000000008
2.2830000000000017 0.0019026999999999926
2.2840000000000016 0.001898639999999851
2.2850000000000015 0.0018147699999999816
2.286000000000002 0.001801000000000024
2.2870000000000017 0.0018144100000000304
2.2880000000000016 0.0018316700000000105
2.2890000000000015 0.0018375499999999738
2.290000000000002 0.0018178799999999482
2.2910000000000017 0.0017886500000000088
2.2920000000000016 0.0017936099999999447
2.2930000000000015 0.0017624599999999941
2.294000000000002 0.0017579600000000085
2.2950000000000017 0.0017627000000000265
2.2960000000000016 0.0017775099999999115
2.2970000000000015 0.00172767999999996
2.298000000000002 0.0016976799999999842
2.2990000000000017 0.0016887999999999613
2.3000000000000016 0.0016668699999999976
2.3010000000000015 0.001665479999999981
2.302000000000002 0.001651129999999994
2.3030000000000017 0.0016477099999999102
2.3040000000000016 0.0015970399999999615
2.3050000000000015 0.0015753300000000388
2.306000000000002 0.001604559999999993
2.3070000000000017 0.0016006099999999147
2.3080000000000016 0.001552429999999986
2.3090000000000015 0.0015446800000000068
2.310000000000002 0.001549839999999974
2.3110000000000017 0.0015350999999999848
2.3120000000000016 0.0015265599999999882
2.3130000000000015 0.0015200099999999953
2.314000000000002 0.0015164099999999971
2.3150000000000017 0.0015148799999999962
2.3160000000000016 0.0015127399999999899
2.3170000000000015 0.0015071399999999858
2.318000000000002 0.0014965699999999742
2.3190000000000017 0.001482069999999975
2.3200000000000016 0.001467809999999985
2.3210000000000015 0.0014593500000000008
2.322000000000002 0.0014597500000000138
2.3230000000000017 0.00146759000000002
2.3240000000000016 0.0014788600000000191
2.3250000000000015 0.0014896000000000104
2.326000000000002 0.001497340000000008
2.3270000000000017 0.0015018500000000053
2.3280000000000016 0.0015048200000000059
2.3290000000000015 0.0015081200000000123
2.330000000000002 0.0015172900000000175
2.3310000000000017 0.001527139999999956
2.3320000000000016 0.001502380000000058
2.3330000000000015 0.0015350999999999761
2.334000000000002 0.0015171400000000338
2.3350000000000017 0.0015362400000001383
2.3360000000000016 0.0016141100000000247
2.3370000000000015 0.0016279699999999966
2.338000000000002 0.0016254100000000216
2.3390000000000017 0.0016376300000001292
2.3400000000000016 0.0017103899999999796
2.3410000000000015 0.0016990200000000855
2.342000000000002 0.0017631700000000383
2.3430000000000017 0.0017847000000000431
2.3440000000000016 0.0018090099999999631
2.3450000000000015 0.0017883000000000263
2.346000000000002 0.0018080400000000177
2.3470000000000018 0.0018179700000001337
2.3480000000000016 0.0018933399999999441
2.3490000000000015 0.0018619900000000245
2.350000000000002 0.0018803300000000312
2.3510000000000018 0.001897830000000042
2.3520000000000016 0.0019214299999999987
2.3530000000000015 0.0019206000000000021
2.354000000000002 0.0019220400000000343
2.3550000000000018 0.0019412399999999886
2.3560000000000016 0.0019349000000000124
2.3570000000000015 0.0019419700000000454
2.358000000000002 0.0019758699999999608
2.3590000000000018 0.001953739999999979
2.3600000000000017 0.0019418499999999663
2.3610000000000015 0.0019229199999999938
2.362000000000002 0.0019183899999998847
2.3630000000000018 0.001853320000000042
2.3640000000000017 0.0018768499999999991
2.3650000000000015 0.0018763500000000086
2.366000000000002 0.0018827400000000242
2.3670000000000018 0.0018963300000000407
2.3680000000000017 0.0019192399999999673
2.3690000000000015 0.0019008499999999717
2.370000000000002 0.0018796399999999123
2.3710000000000018 0.0018302699999999605
2.3720000000000017 0.0018081600000000597
2.3730000000000016 0.0018417199999999992
2.374000000000002 0.001841069999999902
2.3750000000000018 0.0017858800000000044
2.3760000000000017 0.0017884500000000289
2.3770000000000016 0.0018046899999999172
2.378000000000002 0.0017580700000000681
2.379000000000002 0.001796450000000044
2.3800000000000017 0.0018212499999999056
2.3810000000000016 0.001768200000000031
2.382000000000002 0.0017856100000000483
2.383000000000002 0.0018127299999999868
2.3840000000000017 0.0018053099999999602
2.3850000000000016 0.0017828899999999465
2.386000000000002 0.001752769999999981
2.387000000000002 0.0017421199999999866
2.3880000000000017 0.0017344700000000333
2.3890000000000016 0.0017531999999999717
2.390000000000002 0.001737260000000024
2.391000000000002 0.0017508099999999883
2.3920000000000017 0.0017441800000000522
2.3930000000000016 0.00177350999999996
2.394000000000002 0.0017508600000000255
2.395000000000002 0.0017653100000000405
2.3960000000000017 0.0017881599999999371
2.3970000000000016 0.001752670000000006
2.398000000000002 0.0017560699999999432
2.399000000000002 0.0017240100000000594
2.4000000000000017 0.001757380000000004
1757380000000004
