0.4 0.40349998
0.401 0.40434999000000005
0.402 0.4052
0.403 0.406100005
0.404 0.40700001
0.405 0.40795000000000003
0.406 0.40889999000000005
0.40700000000000003 0.40979999500000003
0.40800000000000003 0.41070000000000007
0.40900000000000003 0.4116
0.41000000000000003 0.4125000000000001
0.41100000000000003 0.41340000000000005
0.41200000000000003 0.41430000000000006
0.41300000000000003 0.41520000500000004
0.41400000000000003 0.41610001
0.41500000000000004 0.41700001
0.41600000000000004 0.41790001000000004
0.41700000000000004 0.41880001000000006
0.41800000000000004 0.4197000100000001
0.41900000000000004 0.42065000500000005
0.42000000000000004 0.42160000000000003
0.42100000000000004 0.4225000000000001
0.42200000000000004 0.4234000000000001
0.42300000000000004 0.4242499900000001
0.42400000000000004 0.4250999800000001
0.42500000000000004 0.425999985
0.42600000000000005 0.42689999000000006
0.42700000000000005 0.42779999
0.42800000000000005 0.4286999900000001
0.42900000000000005 0.42959999000000004
0.43000000000000005 0.43049999000000005
0.43100000000000005 0.43135000000000007
0.43200000000000005 0.4322000100000001
0.43300000000000005 0.43305000000000005
0.43400000000000005 0.4338999900000001
0.43500000000000005 0.4347500000000001
0.43600000000000005 0.4356000100000001
0.43700000000000006 0.43645000500000003
0.43800000000000006 0.4373
0.43900000000000006 0.438099995
0.44000000000000006 0.43889999000000013
0.44100000000000006 0.4396999900000001
0.44200000000000006 0.44049999000000006
0.44300000000000006 0.4413500000000001
0.44400000000000006 0.4422000100000001
0.44500000000000006 0.4430000100000001
0.44600000000000006 0.4438000100000001
0.44700000000000006 0.44460001000000005
0.44800000000000006 0.44540001
0.44900000000000007 0.44615000000000005
0.45000000000000007 0.4468999900000001
0.45100000000000007 0.4476999850000001
0.45200000000000007 0.4484999800000001
0.45300000000000007 0.44920000000000004
0.45400000000000007 0.44990002000000007
0.45500000000000007 0.4506000150000001
0.45600000000000007 0.4513000100000001
0.4570000000000001 0.4519499950000001
0.4580000000000001 0.4525999800000001
0.4590000000000001 0.4532499850000001
0.4600000000000001 0.4538999900000001
0.4610000000000001 0.45454999500000004
0.4620000000000001 0.45520000000000005
0.4630000000000001 0.45579999500000007
0.4640000000000001 0.45639999000000003
0.4650000000000001 0.45699998500000005
0.4660000000000001 0.45759998000000013
0.4670000000000001 0.4582499850000001
0.4680000000000001 0.4588999900000001
0.4690000000000001 0.45954999500000004
0.4700000000000001 0.4602000000000001
0.4710000000000001 0.4607999950000001
0.4720000000000001 0.4613999900000001
0.4730000000000001 0.46199998500000006
0.4740000000000001 0.4625999800000001
0.4750000000000001 0.46309999500000004
0.4760000000000001 0.46360001000000006
0.4770000000000001 0.46415001000000006
0.4780000000000001 0.4647000100000001
0.4790000000000001 0.4654000100000001
0.4800000000000001 0.46610001000000006
0.4810000000000001 0.4668000050000001
0.4820000000000001 0.4675000000000001
0.4830000000000001 0.4681500050000001
0.4840000000000001 0.46880001000000004
0.4850000000000001 0.469400005
0.4860000000000001 0.4700000000000001
0.4870000000000001 0.4706500050000001
0.4880000000000001 0.47130001000000005
0.4890000000000001 0.47185001500000007
0.4900000000000001 0.47240002000000003
0.4910000000000001 0.47290001000000004
0.4920000000000001 0.4734000000000001
0.4930000000000001 0.47385000000000005
0.4940000000000001 0.47430000000000005
0.4950000000000001 0.47465
0.4960000000000001 0.4750000000000001
0.4970000000000001 0.47535000000000005
0.4980000000000001 0.47570000000000007
0.4990000000000001 0.47610001
0.5000000000000001 0.4765000200000001
0.5010000000000001 0.47685001500000007
0.5020000000000001 0.4772000100000001
0.5030000000000001 0.47765001000000007
0.5040000000000001 0.4781000100000001
0.5050000000000001 0.47855001500000005
0.5060000000000001 0.4790000200000001
0.5070000000000001 0.4795000100000001
0.5080000000000001 0.4800000000000001
0.5090000000000001 0.4804500000000001
0.5100000000000001 0.4809000000000001
0.5110000000000001 0.4813999950000001
0.5120000000000001 0.48189999000000006
0.5130000000000001 0.4824
0.5140000000000001 0.48290001000000005
0.5150000000000001 0.48335001000000005
0.5160000000000001 0.48380001000000006
0.5170000000000001 0.4842000000000001
0.5180000000000001 0.4845999900000001
0.5190000000000001 0.48510000000000003
0.5200000000000001 0.4856000100000001
0.5210000000000001 0.48605001500000006
0.5220000000000001 0.4865000200000001
0.5230000000000001 0.48690001000000005
0.5240000000000001 0.48730000000000007
0.5250000000000001 0.4877500000000001
0.5260000000000001 0.4882000000000001
0.5270000000000001 0.48865000000000003
0.5280000000000001 0.48910000000000003
0.5290000000000001 0.48950001
0.5300000000000001 0.48990002000000005
0.5310000000000001 0.49030001000000006
0.5320000000000001 0.4907000000000001
0.5330000000000001 0.49115000000000003
0.5340000000000001 0.49160000000000004
0.5350000000000001 0.49200001
0.5360000000000001 0.49240002000000005
0.5370000000000001 0.49275001500000004
0.5380000000000001 0.4931000100000001
0.5390000000000001 0.4935000000000001
0.5400000000000001 0.4938999900000001
0.5410000000000001 0.49434999500000004
0.5420000000000001 0.4948
0.5430000000000001 0.495200005
0.5440000000000002 0.4956000100000001
0.5450000000000002 0.49595001000000005
0.5460000000000002 0.49630001000000007
0.5470000000000002 0.4967500100000001
0.5480000000000002 0.4972000100000001
0.5490000000000002 0.49760000000000004
0.5500000000000002 0.49799999000000006
0.5510000000000002 0.4984
0.5520000000000002 0.49880001000000007
0.5530000000000002 0.49915001000000003
0.5540000000000002 0.49950001000000005
0.5550000000000002 0.49985000500000004
0.5560000000000002 0.5002000000000001
0.5570000000000002 0.50059999
0.5580000000000002 0.50099998
0.5590000000000002 0.501449985
0.5600000000000002 0.50189999
0.5610000000000002 0.502199995
0.5620000000000002 0.5025000000000001
0.5630000000000002 0.50285
0.5640000000000002 0.5032000000000001
0.5650000000000002 0.503500005
0.5660000000000002 0.5038000100000001
0.5670000000000002 0.5041500100000001
0.5680000000000002 0.5045000100000001
0.5690000000000002 0.5048500050000001
0.5700000000000002 0.5052000000000001
0.5710000000000002 0.5055500000000002
0.5720000000000002 0.5059000000000001
0.5730000000000002 0.5062500000000001
0.5740000000000002 0.5066
0.5750000000000002 0.5069500000000001
0.5760000000000002 0.5073000000000001
0.5770000000000002 0.5076499950000001
0.5780000000000002 0.5079999900000001
0.5790000000000002 0.5083000000000001
0.5800000000000002 0.50860001
0.5810000000000002 0.5089500050000001
0.5820000000000002 0.5093000000000001
0.5830000000000002 0.5096000100000001
0.5840000000000002 0.50990002
0.5850000000000002 0.5102000050000001
0.5860000000000002 0.51049999
0.5870000000000002 0.5108499900000001
0.5880000000000002 0.51119999
0.5890000000000002 0.511449985
0.5900000000000002 0.51169998
0.5910000000000002 0.5119999900000001
0.5920000000000002 0.5123000000000001
0.5930000000000002 0.512600005
0.5940000000000002 0.5129000100000001
0.5950000000000002 0.513199995
0.5960000000000002 0.5134999800000001
0.5970000000000002 0.5138499800000002
0.5980000000000002 0.5141999800000001
0.5990000000000002 0.51449999
0.6000000000000002 0.5148
0.6010000000000002 0.5151000050000001
0.6020000000000002 0.51540001
0.6030000000000002 0.515699995
0.6040000000000002 0.51599998
0.6050000000000002 0.51629999
0.6060000000000002 0.5166000000000001
0.6070000000000002 0.5168499950000001
0.6080000000000002 0.5170999900000001
0.6090000000000002 0.5173499850000001
0.6100000000000002 0.5175999800000001
0.6110000000000002 0.5178999900000001
0.6120000000000002 0.5182000000000001
0.6130000000000002 0.5184499950000001
0.6140000000000002 0.5186999900000001
0.6150000000000002 0.5189499850000001
0.6160000000000002 0.5191999800000001
0.6170000000000002 0.51949999
0.6180000000000002 0.5198
0.6190000000000002 0.520049995
0.6200000000000002 0.52029999
0.6210000000000002 0.520550005
0.6220000000000002 0.52080002
0.6230000000000002 0.5211000050000001
0.6240000000000002 0.5213999900000001
0.6250000000000002 0.5215999950000001
0.6260000000000002 0.5218
0.6270000000000002 0.5221000100000001
0.6280000000000002 0.5224000200000001
0.6290000000000002 0.5226500150000001
0.6300000000000002 0.5229000100000001
0.6310000000000002 0.5231500050000001
0.6320000000000002 0.5234000000000001
0.6330000000000002 0.523600005
0.6340000000000002 0.5238000100000001
0.6350000000000002 0.5240500050000001
0.6360000000000002 0.5243000000000001
0.6370000000000002 0.524500005
0.6380000000000002 0.5247000100000001
0.6390000000000002 0.5249500050000001
0.6400000000000002 0.5252
0.6410000000000002 0.525349995
0.6420000000000002 0.52549999
0.6430000000000002 0.5256999950000001
0.6440000000000002 0.5259000000000001
0.6450000000000002 0.5261499950000001
0.6460000000000002 0.5263999900000002
0.6470000000000002 0.5266499900000001
0.6480000000000002 0.5268999900000001
0.6490000000000002 0.527150005
0.6500000000000002 0.52740002
0.6510000000000002 0.5275
0.6520000000000002 0.5275999800000001
0.6530000000000002 0.5278499950000001
0.6540000000000002 0.5281000100000001
0.6550000000000002 0.528299995
0.6560000000000002 0.5284999800000001
0.6570000000000003 0.52875
0.6580000000000003 0.5290000200000001
0.6590000000000003 0.5292000050000001
0.6600000000000003 0.52939999
0.6610000000000003 0.5295500000000001
0.6620000000000003 0.52970001
0.6630000000000003 0.529850005
0.6640000000000003 0.53
0.6650000000000003 0.530200005
0.6660000000000003 0.53040001
0.6670000000000003 0.5306000150000001
0.6680000000000003 0.53080002
0.6690000000000003 0.530950015
0.6700000000000003 0.5311000100000001
0.6710000000000003 0.531300015
0.6720000000000003 0.5315000200000001
0.6730000000000003 0.531700005
0.6740000000000003 0.53189999
0.6750000000000003 0.53205
0.6760000000000003 0.5322000100000001
0.6770000000000003 0.5323500050000001
0.6780000000000003 0.5325
0.6790000000000003 0.5326000000000001
0.6800000000000003 0.5327000000000001
0.6810000000000003 0.532900005
0.6820000000000003 0.53310001
0.6830000000000003 0.533200015
0.6840000000000003 0.5333000200000001
0.6850000000000003 0.533500005
0.6860000000000003 0.53369999
0.6870000000000003 0.53379999
0.6880000000000003 0.53389999
0.6890000000000003 0.533999995
0.6900000000000003 0.5341
0.6910000000000003 0.534249995
0.6920000000000003 0.53439999
0.6930000000000003 0.5345500000000001
0.6940000000000003 0.53470001
0.6950000000000003 0.534800015
0.6960000000000003 0.53490002
0.6970000000000003 0.535100005
0.6980000000000003 0.53529999
0.6990000000000003 0.53535
0.7000000000000003 0.53540001
0.7010000000000003 0.535550005
0.7020000000000003 0.5357
0.7030000000000003 0.53575001
0.7040000000000003 0.53580002
0.7050000000000003 0.5358500100000001
0.7060000000000003 0.5359000000000002
0.7070000000000003 0.5360499950000001
0.7080000000000003 0.53619999
0.7090000000000003 0.5362999900000001
0.7100000000000003 0.53639999
0.7110000000000003 0.536499995
0.7120000000000003 0.5366
0.7130000000000003 0.53664999
0.7140000000000003 0.53669998
0.7150000000000003 0.53674999
0.7160000000000003 0.5367999999999999
0.7170000000000003 0.536900005
0.7180000000000003 0.53700001
0.7190000000000003 0.53695
0.7200000000000003 0.53689999
0.7210000000000003 0.53689999
0.7220000000000003 0.53689999
0.7230000000000003 0.5369999900000001
0.7240000000000003 0.5370999900000001
0.7250000000000003 0.53715
0.7260000000000003 0.5372000100000001
0.7270000000000003 0.53715
0.7280000000000003 0.5370999900000001
0.7290000000000003 0.53715
0.7300000000000003 0.5372000100000001
0.7310000000000003 0.537250005
0.7320000000000003 0.5373
0.7330000000000003 0.537250005
0.7340000000000003 0.5372000100000001
0.7350000000000003 0.5372000100000001
0.7360000000000003 0.5372000100000001
0.7370000000000003 0.5372000100000001
0.7380000000000003 0.5372000100000001
0.7390000000000003 0.53715
0.7400000000000003 0.5370999900000001
0.7410000000000003 0.53705
0.7420000000000003 0.53700001
0.7430000000000003 0.53700001
0.7440000000000003 0.53700001
0.7450000000000003 0.53695
0.7460000000000003 0.53689999
0.7470000000000003 0.536849995
0.7480000000000003 0.5367999999999999
0.7490000000000003 0.53665001
0.7500000000000003 0.53650002
0.7510000000000003 0.536400015
0.7520000000000003 0.5363000099999999
0.7530000000000003 0.5361499949999999
0.7540000000000003 0.53599998
0.7550000000000003 0.5358999999999999
0.7560000000000003 0.53580002
0.7570000000000003 0.53575001
0.7580000000000003 0.5357
0.7590000000000003 0.5355500049999999
0.7600000000000003 0.5354000099999999
0.7610000000000003 0.5352499949999999
0.7620000000000003 0.5350999799999999
0.7630000000000003 0.5349499899999999
0.7640000000000003 0.5347999999999999
0.7650000000000003 0.534599995
0.7660000000000003 0.5343999899999999
0.7670000000000003 0.5342499949999999
0.7680000000000003 0.5340999999999999
0.7690000000000003 0.533899995
0.7700000000000004 0.53369999
0.7710000000000004 0.5335999849999999
0.7720000000000004 0.5334999799999999
0.7730000000000004 0.5332999949999999
0.7740000000000004 0.53310001
0.7750000000000004 0.5329499999999999
0.7760000000000004 0.5327999899999999
0.7770000000000004 0.532649995
0.7780000000000004 0.5325
0.7790000000000004 0.532250005
0.7800000000000004 0.53200001
0.7810000000000004 0.531750015
0.7820000000000004 0.53150002
0.7830000000000004 0.5312499999999999
0.7840000000000004 0.53099998
0.7850000000000004 0.5308999999999999
0.7860000000000004 0.5308000199999999
0.7870000000000004 0.5306000149999999
0.7880000000000004 0.5304000099999999
0.7890000000000004 0.530200005
0.7900000000000004 0.5299999999999999
0.7910000000000004 0.529799995
0.7920000000000004 0.5295999899999999
0.7930000000000004 0.529399985
0.7940000000000004 0.5291999799999999
0.7950000000000004 0.528999995
0.7960000000000004 0.5288000099999999
0.7970000000000004 0.5286000049999999
0.7980000000000004 0.5284
0.7990000000000004 0.5281999949999999
0.8000000000000004 0.52799999
0.8010000000000004 0.52794499
0.8020000000000004 0.5278899899999999
0.8030000000000004 0.52783499
0.8040000000000004 0.52777999
0.8050000000000004 0.52772499
0.8060000000000004 0.52766999
0.8070000000000004 0.52761499
0.8080000000000004 0.52755999
0.8090000000000004 0.52750499
0.8100000000000004 0.52744999
0.8110000000000004 0.5273949899999999
0.8120000000000004 0.52733999
0.8130000000000004 0.52728499
0.8140000000000004 0.5272299899999999
0.8150000000000004 0.52717499
0.8160000000000004 0.52711999
0.8170000000000004 0.52706499
0.8180000000000004 0.5270099899999999
0.8190000000000004 0.52695499
0.8200000000000004 0.5268999900000001
0.8210000000000004 0.5271349905000001
0.8220000000000004 0.5273699910000001
0.8230000000000004 0.5276049915000001
0.8240000000000004 0.5278399920000001
0.8250000000000004 0.5280749925000001
0.8260000000000004 0.5283099930000001
0.8270000000000004 0.5285449935000002
0.8280000000000004 0.5287799940000001
0.8290000000000004 0.5290149945000001
0.8300000000000004 0.529249995
0.8310000000000004 0.5294849955
0.8320000000000004 0.5297199960000001
0.8330000000000004 0.5299549965000001
0.8340000000000004 0.5301899970000001
0.8350000000000004 0.5304249975
0.8360000000000004 0.5306599980000001
0.8370000000000004 0.5308949985000001
0.8380000000000004 0.531129999
0.8390000000000004 0.5313649995
0.8400000000000004 0.5316000000000003
0.8410000000000004 0.5322550005000003
0.8420000000000004 0.5329100010000003
0.8430000000000004 0.5335650015000002
0.8440000000000004 0.5342200020000003
0.8450000000000004 0.5348750025000002
0.8460000000000004 0.5355300030000003
0.8470000000000004 0.5361850035000003
0.8480000000000004 0.5368400040000003
0.8490000000000004 0.5374950045000003
0.8500000000000004 0.5381500050000003
0.8510000000000004 0.5388050055000003
0.8520000000000004 0.5394600060000003
0.8530000000000004 0.5401150065000003
0.8540000000000004 0.5407700070000003
0.8550000000000004 0.5414250075000003
0.8560000000000004 0.5420800080000003
0.8570000000000004 0.5427350085000003
0.8580000000000004 0.5433900090000003
0.8590000000000004 0.5440450095000003
0.8600000000000004 0.5447000100000006
0.8610000000000004 0.5457800100000005
0.8620000000000004 0.5468600100000005
0.8630000000000004 0.5479400100000005
0.8640000000000004 0.5490200100000004
0.8650000000000004 0.5501000100000005
0.8660000000000004 0.5511800100000005
0.8670000000000004 0.5522600100000006
0.8680000000000004 0.5533400100000005
0.8690000000000004 0.5544200100000005
0.8700000000000004 0.5555000100000005
0.8710000000000004 0.5565800100000005
0.8720000000000004 0.5576600100000005
0.8730000000000004 0.5587400100000005
0.8740000000000004 0.5598200100000005
0.8750000000000004 0.5609000100000006
0.8760000000000004 0.5619800100000005
0.8770000000000004 0.5630600100000005
0.8780000000000004 0.5641400100000005
0.8790000000000004 0.5652200100000004
0.8800000000000004 0.5663000100000005
0.8810000000000004 0.5675350085000005
0.8820000000000005 0.5687700070000006
0.8830000000000005 0.5700050055000006
0.8840000000000005 0.5712400040000005
0.8850000000000005 0.5724750025000005
0.8860000000000005 0.5737100010000006
0.8870000000000005 0.5749449995000006
0.8880000000000005 0.5761799980000005
0.8890000000000005 0.5774149965000005
0.8900000000000005 0.5786499950000006
0.8910000000000005 0.5798849935000006
0.8920000000000005 0.5811199920000005
0.8930000000000005 0.5823549905000005
0.8940000000000005 0.5835899890000005
0.8950000000000005 0.5848249875000006
0.8960000000000005 0.5860599860000005
0.8970000000000005 0.5872949845000005
0.8980000000000005 0.5885299830000005
0.8990000000000005 0.5897649815000006
0.9000000000000005 0.5909999800000004
0.9010000000000005 0.5919399810000004
0.9020000000000005 0.5928799820000004
0.9030000000000005 0.5938199830000004
0.9040000000000005 0.5947599840000004
0.9050000000000005 0.5956999850000004
0.9060000000000005 0.5966399860000005
0.9070000000000005 0.5975799870000004
0.9080000000000005 0.5985199880000004
0.9090000000000005 0.5994599890000004
0.9100000000000005 0.6003999900000003
0.9110000000000005 0.6013399910000004
0.9120000000000005 0.6022799920000004
0.9130000000000005 0.6032199930000004
0.9140000000000005 0.6041599940000004
0.9150000000000005 0.6050999950000004
0.9160000000000005 0.6060399960000004
0.9170000000000005 0.6069799970000004
0.9180000000000005 0.6079199980000004
0.9190000000000005 0.6088599990000003
0.9200000000000005 0.6098000000000003
0.9210000000000005 0.6107050005000003
0.9220000000000005 0.6116100010000004
0.9230000000000005 0.6125150015000004
0.9240000000000005 0.6134200020000004
0.9250000000000005 0.6143250025000004
0.9260000000000005 0.6152300030000004
0.9270000000000005 0.6161350035000004
0.9280000000000005 0.6170400040000004
0.9290000000000005 0.6179450045000004
0.9300000000000005 0.6188500050000004
0.9310000000000005 0.6197550055000004
0.9320000000000005 0.6206600060000005
0.9330000000000005 0.6215650065000005
0.9340000000000005 0.6224700070000004
0.9350000000000005 0.6233750075000004
0.9360000000000005 0.6242800080000004
0.9370000000000005 0.6251850085000005
0.9380000000000005 0.6260900090000004
0.9390000000000005 0.6269950095000004
0.9400000000000005 0.6279000100000005
0.9410000000000005 0.6287550095000004
0.9420000000000005 0.6296100090000004
0.9430000000000005 0.6304650085000004
0.9440000000000005 0.6313200080000004
0.9450000000000005 0.6321750075000004
0.9460000000000005 0.6330300070000004
0.9470000000000005 0.6338850065000005
0.9480000000000005 0.6347400060000005
0.9490000000000005 0.6355950055000005
0.9500000000000005 0.6364500050000005
0.9510000000000005 0.6373050045000004
0.9520000000000005 0.6381600040000005
0.9530000000000005 0.6390150035000005
0.9540000000000005 0.6398700030000005
0.9550000000000005 0.6407250025000004
0.9560000000000005 0.6415800020000004
0.9570000000000005 0.6424350015000004
0.9580000000000005 0.6432900010000004
0.9590000000000005 0.6441450005000005
0.9600000000000005 0.6450000000000005
0.9610000000000005 0.6458050005000004
0.9620000000000005 0.6466100010000004
0.9630000000000005 0.6474150015000005
0.9640000000000005 0.6482200020000005
0.9650000000000005 0.6490250025000005
0.9660000000000005 0.6498300030000004
0.9670000000000005 0.6506350035000004
0.9680000000000005 0.6514400040000004
0.9690000000000005 0.6522450045000003
0.9700000000000005 0.6530500050000004
0.9710000000000005 0.6538550055000004
0.9720000000000005 0.6546600060000004
0.9730000000000005 0.6554650065000004
0.9740000000000005 0.6562700070000004
0.9750000000000005 0.6570750075000004
0.9760000000000005 0.6578800080000005
0.9770000000000005 0.6586850085000004
0.9780000000000005 0.6594900090000004
0.9790000000000005 0.6602950095000004
0.9800000000000005 0.6611000100000004
0.9810000000000005 0.6617700080000003
0.9820000000000005 0.6624400060000003
0.9830000000000005 0.6631100040000004
0.9840000000000005 0.6637800020000003
0.9850000000000005 0.6644500000000003
0.9860000000000005 0.6651199980000004
0.9870000000000005 0.6657899960000003
0.9880000000000005 0.6664599940000003
0.9890000000000005 0.6671299920000002
0.9900000000000005 0.6677999900000003
0.9910000000000005 0.6684699880000003
0.9920000000000005 0.6691399860000002
0.9930000000000005 0.6698099840000004
0.9940000000000005 0.6704799820000004
0.9950000000000006 0.6711499800000003
0.9960000000000006 0.6718199780000004
0.9970000000000006 0.6724899760000004
0.9980000000000006 0.6731599740000003
0.9990000000000006 0.6738299720000004
1.0000000000000004 0.6744999700000003
1.0010000000000006 0.6751149715000002
1.0020000000000007 0.6757299730000004
1.0030000000000006 0.6763449745000003
1.0040000000000004 0.6769599760000002
1.0050000000000006 0.6775749775000003
1.0060000000000007 0.6781899790000004
1.0070000000000006 0.6788049805000003
1.0080000000000005 0.6794199820000003
1.0090000000000006 0.6800349835000002
1.0100000000000007 0.6806499850000004
1.0110000000000006 0.6812649865000003
1.0120000000000005 0.6818799880000003
1.0130000000000006 0.6824949895000003
1.0140000000000007 0.6831099910000005
1.0150000000000006 0.6837249925000003
1.0160000000000005 0.6843399940000003
1.0170000000000006 0.6849549955000004
1.0180000000000007 0.6855699970000004
1.0190000000000006 0.6861849985000004
1.0200000000000005 0.6868000000000003
1.0210000000000006 0.6873299990000004
1.0220000000000007 0.6878599980000004
1.0230000000000006 0.6883899970000003
1.0240000000000005 0.6889199960000003
1.0250000000000006 0.6894499950000004
1.0260000000000007 0.6899799940000004
1.0270000000000006 0.6905099930000003
1.0280000000000005 0.6910399920000003
1.0290000000000006 0.6915699910000004
1.0300000000000007 0.6920999900000004
1.0310000000000006 0.6926299890000003
1.0320000000000005 0.6931599880000003
1.0330000000000006 0.6936899870000004
1.0340000000000007 0.6942199860000003
1.0350000000000006 0.6947499850000003
1.0360000000000005 0.6952799840000004
1.0370000000000006 0.6958099830000003
1.0380000000000007 0.6963399820000004
1.0390000000000006 0.6968699810000003
1.0400000000000005 0.6973999800000003
1.0410000000000006 0.6979199805000004
1.0420000000000007 0.6984399810000004
1.0430000000000006 0.6989599815000003
1.0440000000000005 0.6994799820000003
1.0450000000000006 0.6999999825000003
1.0460000000000007 0.7005199830000004
1.0470000000000006 0.7010399835000003
1.0480000000000005 0.7015599840000003
1.0490000000000006 0.7020799845000003
1.0500000000000007 0.7025999850000004
1.0510000000000006 0.7031199855000003
1.0520000000000005 0.7036399860000003
1.0530000000000006 0.7041599865000003
1.0540000000000007 0.7046799870000003
1.0550000000000006 0.7051999875000002
1.0560000000000005 0.7057199880000004
1.0570000000000006 0.7062399885000004
1.0580000000000007 0.7067599890000004
1.0590000000000006 0.7072799895000003
1.0600000000000005 0.7077999900000002
1.0610000000000006 0.7082199920000002
1.0620000000000007 0.7086399940000002
1.0630000000000006 0.7090599960000002
1.0640000000000005 0.7094799980000002
1.0650000000000006 0.7099000000000002
1.0660000000000007 0.7103200020000002
1.0670000000000006 0.7107400040000003
1.0680000000000005 0.7111600060000002
1.0690000000000006 0.7115800080000002
1.0700000000000007 0.7120000100000002
1.0710000000000006 0.7124200120000002
1.0720000000000005 0.7128400140000002
1.0730000000000006 0.7132600160000002
1.0740000000000007 0.7136800180000002
1.0750000000000006 0.7141000200000002
1.0760000000000005 0.7145200220000002
1.0770000000000006 0.7149400240000002
1.0780000000000007 0.7153600260000004
1.0790000000000006 0.7157800280000002
1.0800000000000005 0.7162000300000001
1.0810000000000006 0.7166150270000001
1.0820000000000007 0.7170300240000003
1.0830000000000006 0.7174450210000002
1.0840000000000005 0.7178600180000001
1.0850000000000006 0.7182750150000002
1.0860000000000007 0.7186900120000003
1.0870000000000006 0.7191050090000002
1.0880000000000005 0.7195200060000002
1.0890000000000006 0.7199350030000002
1.0900000000000007 0.7203500000000003
1.0910000000000006 0.7207649970000002
1.0920000000000005 0.7211799940000002
1.0930000000000006 0.7215949910000002
1.0940000000000007 0.7220099880000003
1.0950000000000006 0.7224249850000003
1.0960000000000005 0.7228399820000001
1.0970000000000006 0.7232549790000001
1.0980000000000008 0.7236699760000002
1.0990000000000006 0.7240849730000002
1.1000000000000005 0.7244999700000001
1.1010000000000006 0.7248899730000002
1.1020000000000008 0.7252799760000002
1.1030000000000006 0.7256699790000002
1.1040000000000005 0.7260599820000002
1.1050000000000006 0.7264499850000001
1.1060000000000008 0.7268399880000003
1.1070000000000007 0.7272299910000002
1.1080000000000005 0.7276199940000001
1.1090000000000007 0.7280099970000002
1.1100000000000008 0.7284000000000002
1.1110000000000007 0.7287900030000002
1.1120000000000005 0.7291800060000001
1.1130000000000007 0.7295700090000001
1.1140000000000008 0.7299600120000003
1.1150000000000007 0.7303500150000002
1.1160000000000005 0.7307400180000002
1.1170000000000007 0.7311300210000001
1.1180000000000008 0.7315200240000003
1.1190000000000007 0.7319100270000001
1.1200000000000006 0.7323000300000001
1.1210000000000007 0.7326250270000001
1.1220000000000008 0.7329500240000002
1.1230000000000007 0.7332750210000002
1.1240000000000006 0.7336000180000002
1.1250000000000007 0.7339250150000002
1.1260000000000008 0.7342500120000003
1.1270000000000007 0.7345750090000002
1.1280000000000006 0.7349000060000002
1.1290000000000007 0.7352250030000002
1.1300000000000008 0.7355500000000003
1.1310000000000007 0.7358749970000003
1.1320000000000006 0.7361999940000002
1.1330000000000007 0.7365249910000002
1.1340000000000008 0.7368499880000003
1.1350000000000007 0.7371749850000002
1.1360000000000006 0.7374999820000002
1.1370000000000007 0.7378249790000002
1.1380000000000008 0.7381499760000003
1.1390000000000007 0.7384749730000003
1.1400000000000006 0.7387999700000002
1.1410000000000007 0.7390949720000003
1.1420000000000008 0.7393899740000003
1.1430000000000007 0.7396849760000002
1.1440000000000006 0.7399799780000003
1.1450000000000007 0.7402749800000002
1.1460000000000008 0.7405699820000002
1.1470000000000007 0.7408649840000002
1.1480000000000006 0.7411599860000002
1.1490000000000007 0.7414549880000003
1.1500000000000008 0.7417499900000003
1.1510000000000007 0.7420449920000003
1.1520000000000006 0.7423399940000002
1.1530000000000007 0.7426349960000002
1.1540000000000008 0.7429299980000001
1.1550000000000007 0.7432250000000002
1.1560000000000006 0.7435200020000002
1.1570000000000007 0.7438150040000002
1.1580000000000008 0.7441100060000002
1.1590000000000007 0.7444050080000002
1.1600000000000006 0.7447000100000001
1.1610000000000007 0.7449950085000002
1.1620000000000008 0.7452900070000003
1.1630000000000007 0.7455850055000002
1.1640000000000006 0.7458800040000001
1.1650000000000007 0.7461750025000002
1.1660000000000008 0.7464700010000003
1.1670000000000007 0.7467649995000002
1.1680000000000006 0.7470599980000001
1.1690000000000007 0.7473549965000003
1.1700000000000008 0.7476499950000002
1.1710000000000007 0.7479449935000002
1.1720000000000006 0.7482399920000001
1.1730000000000007 0.7485349905
1.1740000000000008 0.7488299890000002
1.1750000000000007 0.7491249875000001
1.1760000000000006 0.7494199860000001
1.1770000000000007 0.7497149845000002
1.1780000000000008 0.7500099830000002
1.1790000000000007 0.7503049815000001
1.1800000000000006 0.75059998
1.1810000000000007 0.7508399815000001
1.1820000000000008 0.7510799830000002
1.1830000000000007 0.7513199845000001
1.1840000000000006 0.7515599860000002
1.1850000000000007 0.7517999875000001
1.1860000000000008 0.7520399890000001
1.1870000000000007 0.7522799905000003
1.1880000000000006 0.7525199920000002
1.1890000000000007 0.7527599935000002
1.1900000000000008 0.7529999950000001
1.1910000000000007 0.7532399965000002
1.1920000000000006 0.7534799980000001
1.1930000000000007 0.7537199995000001
1.1940000000000008 0.7539600010000003
1.1950000000000007 0.7542000025000002
1.1960000000000006 0.7544400040000002
1.1970000000000007 0.7546800055000003
1.1980000000000008 0.7549200070000002
1.1990000000000007 0.7551600085000003
1.2000000000000006 0.7554000100000002
1.2010000000000007 0.7556550110000002
1.2020000000000008 0.7559100120000002
1.2030000000000007 0.7561650130000003
1.2040000000000006 0.7564200140000003
1.2050000000000007 0.7566750150000003
1.2060000000000008 0.7569300160000003
1.2070000000000007 0.7571850170000002
1.2080000000000006 0.7574400180000002
1.2090000000000007 0.7576950190000002
1.2100000000000009 0.7579500200000002
1.2110000000000007 0.7582050210000003
1.2120000000000006 0.7584600220000002
1.2130000000000007 0.7587150230000002
1.2140000000000009 0.7589700240000002
1.2150000000000007 0.7592250250000002
1.2160000000000006 0.7594800260000002
1.2170000000000007 0.7597350270000003
1.2180000000000009 0.7599900280000003
1.2190000000000007 0.7602450290000003
1.2200000000000006 0.7605000300000002
1.2210000000000008 0.7607250285000002
1.2220000000000009 0.7609500270000003
1.2230000000000008 0.7611750255000003
1.2240000000000006 0.7614000240000002
1.2250000000000008 0.7616250225000002
1.2260000000000009 0.7618500210000002
1.2270000000000008 0.7620750195000002
1.2280000000000006 0.7623000180000001
1.2290000000000008 0.7625250165000002
1.2300000000000009 0.7627500150000002
1.2310000000000008 0.7629750135000002
1.2320000000000007 0.7632000120000002
1.2330000000000008 0.7634250105000002
1.2340000000000009 0.7636500090000002
1.2350000000000008 0.7638750075000001
1.2360000000000007 0.7641000060000002
1.2370000000000008 0.7643250045000002
1.2380000000000009 0.7645500030000002
1.2390000000000008 0.7647750015000001
1.2400000000000007 0.7650000000000001
1.2410000000000008 0.7652249985000001
1.2420000000000009 0.7654499970000002
1.2430000000000008 0.7656749955000002
1.2440000000000007 0.7658999940000001
1.2450000000000008 0.7661249925000001
1.2460000000000009 0.7663499910000001
1.2470000000000008 0.7665749895000001
1.2480000000000007 0.766799988
1.2490000000000008 0.7670249865000001
1.2500000000000009 0.7672499850000001
1.2510000000000008 0.7674749835000001
1.2520000000000007 0.7676999820000002
1.2530000000000008 0.7679249805000002
1.254000000000001 0.7681499790000003
1.2550000000000008 0.7683749775000002
1.2560000000000007 0.7685999760000002
1.2570000000000008 0.7688249745000002
1.258000000000001 0.7690499730000002
1.2590000000000008 0.7692749715000001
1.2600000000000007 0.7694999700000001
1.2610000000000008 0.7697049720000001
1.262000000000001 0.7699099740000002
1.2630000000000008 0.7701149760000001
1.2640000000000007 0.7703199780000002
1.2650000000000008 0.7705249800000001
1.266000000000001 0.7707299820000002
1.2670000000000008 0.7709349840000002
1.2680000000000007 0.7711399860000001
1.2690000000000008 0.7713449880000002
1.270000000000001 0.7715499900000001
1.2710000000000008 0.7717549920000002
1.2720000000000007 0.771959994
1.2730000000000008 0.7721649960000001
1.274000000000001 0.7723699980000002
1.2750000000000008 0.7725750000000001
1.2760000000000007 0.7727800020000001
1.2770000000000008 0.7729850040000001
1.278000000000001 0.7731900060000001
1.2790000000000008 0.773395008
1.2800000000000007 0.7736000100000001
1.2810000000000008 0.7737750090000002
1.282000000000001 0.773950008
1.2830000000000008 0.7741250070000001
1.2840000000000007 0.7743000060000002
1.2850000000000008 0.774475005
1.286000000000001 0.7746500040000001
1.2870000000000008 0.7748250030000001
1.2880000000000007 0.7750000020000001
1.2890000000000008 0.775175001
1.290000000000001 0.7753500000000001
1.2910000000000008 0.7755249990000002
1.2920000000000007 0.775699998
1.2930000000000008 0.7758749970000001
1.294000000000001 0.7760499960000001
1.2950000000000008 0.7762249950000001
1.2960000000000007 0.776399994
1.2970000000000008 0.7765749930000001
1.298000000000001 0.7767499920000002
1.2990000000000008 0.776924991
1.3000000000000007 0.7770999900000001
1.3010000000000008 0.7772749895000001
1.302000000000001 0.7774499890000002
1.3030000000000008 0.7776249885000002
1.3040000000000007 0.777799988
1.3050000000000008 0.7779749875
1.306000000000001 0.778149987
1.3070000000000008 0.7783249865
1.3080000000000007 0.778499986
1.3090000000000008 0.7786749855
1.310000000000001 0.7788499850000001
1.3110000000000008 0.7790249845000001
1.3120000000000007 0.7791999840000001
1.3130000000000008 0.7793749835000001
1.314000000000001 0.7795499830000001
1.3150000000000008 0.7797249825
1.3160000000000007 0.779899982
1.3170000000000008 0.7800749815
1.318000000000001 0.7802499810000001
1.3190000000000008 0.7804249805000001
1.3200000000000007 0.7805999800000001
1.3210000000000008 0.7807649805000001
1.322000000000001 0.780929981
1.3230000000000008 0.7810949815000001
1.3240000000000007 0.7812599820000001
1.3250000000000008 0.7814249825
1.326000000000001 0.781589983
1.3270000000000008 0.7817549835000002
1.3280000000000007 0.7819199840000001
1.3290000000000008 0.7820849845000001
1.330000000000001 0.7822499850000001
1.3310000000000008 0.7824149855000002
1.3320000000000007 0.7825799860000001
1.3330000000000009 0.7827449865000001
1.334000000000001 0.7829099870000001
1.3350000000000009 0.7830749875
1.3360000000000007 0.7832399880000002
1.3370000000000009 0.7834049885000002
1.338000000000001 0.7835699890000002
1.3390000000000009 0.7837349895000001
1.3400000000000007 0.7838999900000002
1.3410000000000009 0.7840649910000002
1.342000000000001 0.7842299920000002
1.3430000000000009 0.784394993
1.3440000000000007 0.7845599940000001
1.3450000000000009 0.7847249950000001
1.346000000000001 0.7848899960000001
1.3470000000000009 0.7850549970000001
1.3480000000000008 0.7852199980000002
1.3490000000000009 0.7853849990000001
1.350000000000001 0.7855500000000002
1.3510000000000009 0.7857150010000001
1.3520000000000008 0.7858800020000001
1.3530000000000009 0.7860450030000001
1.354000000000001 0.7862100040000002
1.3550000000000009 0.7863750050000001
1.3560000000000008 0.7865400060000001
1.3570000000000009 0.786705007
1.358000000000001 0.7868700080000001
1.3590000000000009 0.7870350090000001
1.3600000000000008 0.7872000100000001
1.3610000000000009 0.7873450105
1.362000000000001 0.7874900110000002
1.3630000000000009 0.7876350115000001
1.3640000000000008 0.787780012
1.3650000000000009 0.7879250125000001
1.366000000000001 0.7880700130000001
1.3670000000000009 0.7882150135
1.3680000000000008 0.7883600140000001
1.3690000000000009 0.7885050145000001
1.370000000000001 0.7886500150000002
1.3710000000000009 0.7887950155000002
1.3720000000000008 0.7889400160000001
1.3730000000000009 0.7890850165000001
1.374000000000001 0.7892300170000002
1.3750000000000009 0.7893750175
1.3760000000000008 0.789520018
1.377000000000001 0.7896650185000001
1.378000000000001 0.7898100190000001
1.379000000000001 0.7899550195000002
1.3800000000000008 0.7901000200000001
1.381000000000001 0.790220019
1.382000000000001 0.7903400180000001
1.383000000000001 0.790460017
1.3840000000000008 0.7905800160000002
1.385000000000001 0.7907000150000002
1.386000000000001 0.7908200140000001
1.387000000000001 0.7909400130000002
1.3880000000000008 0.7910600120000001
1.389000000000001 0.7911800110000001
1.390000000000001 0.79130001
1.391000000000001 0.7914200090000001
1.3920000000000008 0.791540008
1.393000000000001 0.7916600070000002
1.394000000000001 0.7917800060000002
1.395000000000001 0.7919000050000001
1.3960000000000008 0.7920200040000002
1.397000000000001 0.7921400030000001
1.398000000000001 0.7922600020000001
1.399000000000001 0.7923800010000001
1.4000000000000008 0.7925000000000001
1.4010000000000007 0.7926349985000002
1.402000000000001 0.7927699970000002
1.403000000000001 0.7929049955
1.4040000000000008 0.7930399940000001
1.4050000000000007 0.7931749925000001
1.406000000000001 0.7933099910000001
1.407000000000001 0.7934449895000002
1.4080000000000008 0.7935799880000002
1.4090000000000007 0.7937149865
1.410000000000001 0.7938499850000003
1.411000000000001 0.7939849835000001
1.4120000000000008 0.7941199820000001
1.4130000000000007 0.7942549805000002
1.414000000000001 0.7943899790000002
1.415000000000001 0.7945249775000002
1.4160000000000008 0.794659976
1.4170000000000007 0.7947949745000001
1.418000000000001 0.7949299730000001
1.419000000000001 0.7950649715000001
1.4200000000000008 0.7951999700000002
1.4210000000000007 0.7953799700000002
1.422000000000001 0.7955599700000002
1.423000000000001 0.7957399700000002
1.4240000000000008 0.7959199700000003
1.4250000000000007 0.7960999700000002
1.426000000000001 0.7962799700000002
1.427000000000001 0.7964599700000002
1.4280000000000008 0.7966399700000002
1.4290000000000007 0.7968199700000003
1.430000000000001 0.7969999700000002
1.431000000000001 0.7971799700000003
1.4320000000000008 0.7973599700000003
1.4330000000000007 0.7975399700000001
1.434000000000001 0.7977199700000003
1.435000000000001 0.7978999700000002
1.4360000000000008 0.7980799700000002
1.4370000000000007 0.7982599700000002
1.438000000000001 0.7984399700000003
1.439000000000001 0.7986199700000002
1.4400000000000008 0.7987999700000001
1.4410000000000007 0.7989449705000001
1.442000000000001 0.7990899710000002
1.443000000000001 0.7992349715000002
1.4440000000000008 0.7993799720000001
1.4450000000000007 0.7995249725000002
1.446000000000001 0.7996699730000002
1.447000000000001 0.7998149735000001
1.4480000000000008 0.7999599740000002
1.4490000000000007 0.8001049745000002
1.450000000000001 0.8002499750000003
1.451000000000001 0.8003949755000002
1.4520000000000008 0.8005399760000002
1.4530000000000007 0.8006849765000001
1.454000000000001 0.8008299770000002
1.455000000000001 0.8009749775000001
1.4560000000000008 0.8011199780000002
1.4570000000000007 0.8012649785000002
1.458000000000001 0.8014099790000002
1.459000000000001 0.8015549795000002
1.4600000000000009 0.8016999800000002
1.4610000000000007 0.8018199830000001
1.462000000000001 0.8019399860000002
1.463000000000001 0.8020599890000001
1.4640000000000009 0.8021799920000002
1.4650000000000007 0.8022999950000002
1.466000000000001 0.8024199980000002
1.467000000000001 0.8025400010000001
1.4680000000000009 0.8026600040000001
1.4690000000000007 0.8027800070000001
1.470000000000001 0.8029000100000002
1.471000000000001 0.8030200130000001
1.4720000000000009 0.8031400160000001
1.4730000000000008 0.8032600190000001
1.474000000000001 0.8033800220000002
1.475000000000001 0.8035000250000002
1.4760000000000009 0.8036200280000001
1.4770000000000008 0.8037400310000001
1.478000000000001 0.8038600340000002
1.479000000000001 0.8039800370000002
1.4800000000000009 0.8041000400000001
1.4810000000000008 0.8042500375000001
1.482000000000001 0.8044000350000001
1.483000000000001 0.8045500325000002
1.4840000000000009 0.8047000300000002
1.4850000000000008 0.8048500275000001
1.486000000000001 0.8050000250000002
1.487000000000001 0.8051500225000001
1.4880000000000009 0.8053000200000001
1.4890000000000008 0.8054500175000001
1.490000000000001 0.8056000150000001
1.491000000000001 0.8057500125000001
1.4920000000000009 0.8059000100000001
1.4930000000000008 0.8060500075000001
1.494000000000001 0.8062000050000002
1.495000000000001 0.8063500025000002
1.4960000000000009 0.8065000000000001
1.4970000000000008 0.8066499975000001
1.498000000000001 0.8067999950000001
1.499000000000001 0.8069499925000001
1.5000000000000009 0.8070999900000001
1.5010000000000008 0.8072149915
1.5020000000000011 0.8073299930000001
1.503000000000001 0.8074449945000001
1.504000000000001 0.8075599960000001
1.5050000000000008 0.8076749975000002
1.5060000000000011 0.8077899990000001
1.507000000000001 0.8079050005
1.508000000000001 0.8080200020000001
1.5090000000000008 0.8081350035000001
1.5100000000000011 0.8082500050000001
1.511000000000001 0.8083650065000002
1.512000000000001 0.8084800080000001
1.5130000000000008 0.8085950095000001
1.5140000000000011 0.8087100110000002
1.515000000000001 0.8088250125000002
1.516000000000001 0.8089400140000003
1.5170000000000008 0.8090550155000001
1.5180000000000011 0.8091700170000001
1.519000000000001 0.8092850185000002
1.520000000000001 0.8094000200000002
1.5210000000000008 0.8095350185000002
1.5220000000000011 0.8096700170000003
1.523000000000001 0.8098050155000002
1.524000000000001 0.8099400140000002
1.5250000000000008 0.8100750125000001
1.5260000000000011 0.8102100110000002
1.527000000000001 0.8103450095000002
1.528000000000001 0.8104800080000001
1.5290000000000008 0.8106150065000002
1.5300000000000011 0.8107500050000002
1.531000000000001 0.8108850035000001
1.532000000000001 0.811020002
1.5330000000000008 0.8111550005000001
1.5340000000000011 0.8112899990000001
1.535000000000001 0.8114249975000001
1.536000000000001 0.8115599960000002
1.5370000000000008 0.8116949945
1.5380000000000011 0.811829993
1.539000000000001 0.8119649915000001
1.540000000000001 0.8120999900000001
1.5410000000000008 0.8122099905
1.5420000000000011 0.8123199910000001
1.543000000000001 0.8124299915000001
1.544000000000001 0.812539992
1.5450000000000008 0.8126499925
1.5460000000000012 0.8127599930000001
1.547000000000001 0.8128699935000001
1.548000000000001 0.8129799940000001
1.5490000000000008 0.8130899945000002
1.5500000000000012 0.8131999950000001
1.551000000000001 0.8133099955000002
1.552000000000001 0.813419996
1.5530000000000008 0.8135299965000001
1.5540000000000012 0.8136399970000002
1.555000000000001 0.8137499975000001
1.556000000000001 0.8138599980000001
1.5570000000000008 0.8139699985000002
1.5580000000000012 0.8140799990000002
1.559000000000001 0.8141899995000001
1.560000000000001 0.8143000000000002
1.5610000000000008 0.8144250000000001
1.5620000000000012 0.8145500000000002
1.563000000000001 0.8146750000000001
1.564000000000001 0.8148000000000002
1.5650000000000008 0.8149250000000002
1.5660000000000012 0.8150500000000003
1.567000000000001 0.8151750000000001
1.568000000000001 0.8153000000000001
1.5690000000000008 0.8154250000000002
1.5700000000000012 0.8155500000000002
1.571000000000001 0.8156750000000003
1.572000000000001 0.8158000000000001
1.5730000000000008 0.8159250000000001
1.5740000000000012 0.8160500000000002
1.575000000000001 0.8161750000000002
1.576000000000001 0.8163000000000002
1.5770000000000008 0.8164250000000002
1.5780000000000012 0.8165500000000001
1.579000000000001 0.8166750000000002
1.580000000000001 0.8168000000000002
1.5810000000000008 0.8169300010000002
1.5820000000000012 0.8170600020000002
1.583000000000001 0.8171900030000002
1.584000000000001 0.8173200040000002
1.5850000000000009 0.8174500050000002
1.5860000000000012 0.8175800060000001
1.587000000000001 0.8177100070000002
1.588000000000001 0.8178400080000001
1.5890000000000009 0.8179700090000002
1.5900000000000012 0.8181000100000003
1.591000000000001 0.8182300110000001
1.592000000000001 0.8183600120000001
1.5930000000000009 0.8184900130000001
1.5940000000000012 0.8186200140000003
1.595000000000001 0.8187500150000002
1.596000000000001 0.8188800160000003
1.5970000000000009 0.8190100170000002
1.5980000000000012 0.8191400180000002
1.599000000000001 0.8192700190000002
1.600000000000001 0.8194000200000002
1.6010000000000009 0.81952502
1.6020000000000012 0.8196500200000003
1.603000000000001 0.8197750200000001
1.604000000000001 0.8199000200000002
1.6050000000000009 0.8200250200000002
1.6060000000000012 0.8201500200000003
1.607000000000001 0.8202750200000001
1.608000000000001 0.8204000200000001
1.6090000000000009 0.8205250200000002
1.6100000000000012 0.8206500200000002
1.611000000000001 0.8207750200000002
1.612000000000001 0.8209000200000002
1.6130000000000009 0.8210250200000001
1.6140000000000012 0.8211500200000001
1.615000000000001 0.8212750200000002
1.616000000000001 0.8214000200000002
1.6170000000000009 0.8215250200000002
1.6180000000000012 0.8216500200000002
1.619000000000001 0.8217750200000001
1.620000000000001 0.8219000200000002
1.6210000000000009 0.8220400195000002
1.6220000000000012 0.8221800190000002
1.623000000000001 0.8223200185000001
1.624000000000001 0.8224600180000001
1.6250000000000009 0.8226000175000001
1.6260000000000012 0.8227400170000001
1.6270000000000011 0.8228800165000001
1.628000000000001 0.8230200160000001
1.629000000000001 0.8231600155000001
1.6300000000000012 0.8233000150000003
1.6310000000000011 0.8234400145000003
1.632000000000001 0.8235800140000002
1.633000000000001 0.8237200135000002
1.6340000000000012 0.8238600130000002
1.6350000000000011 0.8240000125000002
1.636000000000001 0.8241400120000002
1.637000000000001 0.8242800115000002
1.6380000000000012 0.8244200110000002
1.6390000000000011 0.8245600105000002
1.640000000000001 0.8247000100000001
1.641000000000001 0.8248850075000002
1.6420000000000012 0.8250700050000002
1.6430000000000011 0.8252550025000002
1.644000000000001 0.8254400000000001
1.645000000000001 0.8256249975000002
1.6460000000000012 0.8258099950000002
1.6470000000000011 0.8259949925000002
1.648000000000001 0.8261799900000001
1.649000000000001 0.8263649875000002
1.6500000000000012 0.8265499850000002
1.6510000000000011 0.8267349825000002
1.652000000000001 0.8269199800000001
1.653000000000001 0.8271049775000001
1.6540000000000012 0.8272899750000002
1.6550000000000011 0.8274749725000002
1.656000000000001 0.8276599700000001
1.657000000000001 0.8278449675000001
1.6580000000000013 0.8280299650000003
1.6590000000000011 0.8282149625000003
1.660000000000001 0.82839996
1.661000000000001 0.8284549605000001
1.6620000000000013 0.8285099610000001
1.6630000000000011 0.8285649615000001
1.664000000000001 0.8286199620000001
1.665000000000001 0.8286749625000001
1.6660000000000013 0.8287299630000001
1.6670000000000011 0.8287849635000001
1.668000000000001 0.828839964
1.669000000000001 0.8288949645000001
1.6700000000000013 0.8289499650000001
1.6710000000000012 0.8290049655
1.672000000000001 0.8290599660000001
1.673000000000001 0.8291149665
1.6740000000000013 0.829169967
1.6750000000000012 0.8292249675000001
1.676000000000001 0.829279968
1.677000000000001 0.8293349685
1.6780000000000013 0.8293899690000001
1.6790000000000012 0.8294449695
1.680000000000001 0.8294999700000001
1.681000000000001 0.8296399730000001
1.6820000000000013 0.8297799760000001
1.6830000000000012 0.8299199790000001
1.684000000000001 0.8300599820000001
1.685000000000001 0.8301999850000001
1.6860000000000013 0.8303399880000002
1.6870000000000012 0.8304799910000001
1.688000000000001 0.8306199940000001
1.689000000000001 0.8307599970000001
1.6900000000000013 0.8309000000000002
1.6910000000000012 0.8310400030000001
1.692000000000001 0.8311800060000002
1.693000000000001 0.8313200090000001
1.6940000000000013 0.8314600120000002
1.6950000000000012 0.831600015
1.696000000000001 0.8317400180000001
1.697000000000001 0.831880021
1.6980000000000013 0.8320200240000001
1.6990000000000012 0.8321600270000001
1.700000000000001 0.8323000300000001
1.701000000000001 0.832420029
1.7020000000000013 0.832540028
1.7030000000000012 0.8326600270000002
1.704000000000001 0.8327800260000001
1.705000000000001 0.8329000250000002
1.7060000000000013 0.8330200240000001
1.7070000000000012 0.8331400230000001
1.708000000000001 0.833260022
1.709000000000001 0.8333800210000001
1.7100000000000013 0.8335000200000002
1.7110000000000012 0.833620019
1.712000000000001 0.8337400180000002
1.713000000000001 0.8338600170000001
1.7140000000000013 0.8339800160000002
1.7150000000000012 0.8341000150000001
1.716000000000001 0.8342200140000001
1.717000000000001 0.834340013
1.7180000000000013 0.8344600120000001
1.7190000000000012 0.834580011
1.720000000000001 0.8347000099999999
1.721000000000001 0.8347600075
1.7220000000000013 0.834820005
1.7230000000000012 0.8348800024999999
1.724000000000001 0.83494
1.725000000000001 0.8349999975
1.7260000000000013 0.835059995
1.7270000000000012 0.8351199925
1.728000000000001 0.83517999
1.729000000000001 0.8352399875000001
1.7300000000000013 0.835299985
1.7310000000000012 0.8353599825000001
1.732000000000001 0.8354199800000001
1.733000000000001 0.8354799775
1.7340000000000013 0.8355399750000001
1.7350000000000012 0.8355999725000001
1.736000000000001 0.8356599700000001
1.737000000000001 0.8357199675000001
1.7380000000000013 0.8357799650000001
1.7390000000000012 0.8358399625000001
1.740000000000001 0.83589996
1.741000000000001 0.8359099625
1.7420000000000013 0.835919965
1.7430000000000012 0.8359299674999999
1.744000000000001 0.83593997
1.745000000000001 0.8359499725
1.7460000000000013 0.835959975
1.7470000000000012 0.8359699775
1.748000000000001 0.8359799800000001
1.749000000000001 0.8359899824999999
1.7500000000000013 0.835999985
1.7510000000000012 0.8360099875
1.7520000000000011 0.8360199899999999
1.753000000000001 0.8360299925
1.7540000000000013 0.836039995
1.7550000000000012 0.8360499975000001
1.7560000000000011 0.8360599999999999
1.757000000000001 0.8360700025
1.7580000000000013 0.836080005
1.7590000000000012 0.8360900075
1.7600000000000011 0.8361000100000001
1.761000000000001 0.8361900100000002
1.7620000000000013 0.8362800100000001
1.7630000000000012 0.8363700100000001
1.7640000000000011 0.8364600100000001
1.765000000000001 0.8365500100000002
1.7660000000000013 0.8366400100000001
1.7670000000000012 0.8367300100000001
1.7680000000000011 0.8368200100000002
1.769000000000001 0.8369100100000001
1.7700000000000014 0.8370000100000001
1.7710000000000012 0.8370900100000002
1.7720000000000011 0.8371800100000002
1.773000000000001 0.8372700100000001
1.7740000000000014 0.8373600100000002
1.7750000000000012 0.8374500100000002
1.7760000000000011 0.8375400100000001
1.777000000000001 0.8376300100000001
1.7780000000000014 0.8377200100000002
1.7790000000000012 0.8378100100000002
1.7800000000000011 0.8379000100000001
1.781000000000001 0.8379850090000001
1.7820000000000014 0.8380700080000001
1.7830000000000013 0.8381550070000001
1.7840000000000011 0.838240006
1.785000000000001 0.8383250050000001
1.7860000000000014 0.8384100040000001
1.7870000000000013 0.8384950030000001
1.7880000000000011 0.838580002
1.789000000000001 0.8386650010000001
1.7900000000000014 0.8387500000000001
1.7910000000000013 0.838834999
1.7920000000000011 0.8389199980000001
1.793000000000001 0.8390049970000001
1.7940000000000014 0.8390899960000001
1.7950000000000013 0.839174995
1.7960000000000012 0.8392599940000001
1.797000000000001 0.839344993
1.7980000000000014 0.839429992
1.7990000000000013 0.839514991
1.8000000000000012 0.83959999
1.801000000000001 0.839594989
1.8020000000000014 0.8395899879999998
1.8030000000000013 0.839584987
1.8040000000000012 0.839579986
1.805000000000001 0.839574985
1.8060000000000014 0.8395699839999999
1.8070000000000013 0.8395649829999999
1.8080000000000012 0.8395599819999999
1.809000000000001 0.839554981
1.8100000000000014 0.8395499799999999
1.8110000000000013 0.8395449789999999
1.8120000000000012 0.8395399779999999
1.813000000000001 0.839534977
1.8140000000000014 0.8395299759999999
1.8150000000000013 0.8395249749999999
1.8160000000000012 0.839519974
1.817000000000001 0.839514973
1.8180000000000014 0.8395099719999999
1.8190000000000013 0.8395049709999999
1.8200000000000012 0.83949997
1.821000000000001 0.8395549705
1.8220000000000014 0.839609971
1.8230000000000013 0.8396649715000001
1.8240000000000012 0.839719972
1.825000000000001 0.8397749725
1.8260000000000014 0.8398299730000001
1.8270000000000013 0.8398849735
1.8280000000000012 0.839939974
1.829000000000001 0.8399949745
1.8300000000000014 0.840049975
1.8310000000000013 0.8401049755
1.8320000000000012 0.840159976
1.833000000000001 0.8402149765
1.8340000000000014 0.840269977
1.8350000000000013 0.8403249775
1.8360000000000012 0.840379978
1.837000000000001 0.8404349784999999
1.8380000000000014 0.840489979
1.8390000000000013 0.8405449795
1.8400000000000012 0.8405999799999999
1.841000000000001 0.8406599810000001
1.8420000000000014 0.840719982
1.8430000000000013 0.840779983
1.8440000000000012 0.840839984
1.845000000000001 0.8408999850000001
1.8460000000000014 0.840959986
1.8470000000000013 0.8410199870000001
1.8480000000000012 0.8410799880000001
1.849000000000001 0.841139989
1.8500000000000014 0.8411999900000001
1.8510000000000013 0.841259991
1.8520000000000012 0.8413199920000001
1.853000000000001 0.841379993
1.8540000000000014 0.8414399940000001
1.8550000000000013 0.8414999950000001
1.8560000000000012 0.8415599960000002
1.857000000000001 0.8416199970000001
1.8580000000000014 0.8416799980000002
1.8590000000000013 0.8417399990000001
1.8600000000000012 0.8418000000000002
1.861000000000001 0.8419100010000001
1.8620000000000014 0.8420200020000002
1.8630000000000013 0.8421300030000002
1.8640000000000012 0.8422400040000002
1.865000000000001 0.8423500050000001
1.8660000000000014 0.8424600060000002
1.8670000000000013 0.8425700070000002
1.8680000000000012 0.8426800080000002
1.869000000000001 0.8427900090000001
1.8700000000000014 0.8429000100000001
1.8710000000000013 0.8430100110000002
1.8720000000000012 0.8431200120000001
1.873000000000001 0.8432300130000001
1.8740000000000014 0.8433400140000002
1.8750000000000013 0.8434500150000003
1.8760000000000012 0.8435600160000001
1.8770000000000011 0.8436700170000002
1.8780000000000014 0.8437800180000002
1.8790000000000013 0.8438900190000002
1.8800000000000012 0.8440000200000002
1.8810000000000011 0.8440600175
1.8820000000000014 0.8441200150000001
1.8830000000000013 0.8441800125000001
1.8840000000000012 0.84424001
1.8850000000000011 0.8443000075
1.8860000000000015 0.8443600050000001
1.8870000000000013 0.8444200025
1.8880000000000012 0.8444800000000001
1.8890000000000011 0.8445399975000001
1.8900000000000015 0.844599995
1.8910000000000013 0.8446599925000001
1.8920000000000012 0.8447199900000001
1.8930000000000011 0.8447799875000002
1.8940000000000015 0.8448399850000001
1.8950000000000014 0.8448999825000001
1.8960000000000012 0.8449599800000002
1.8970000000000011 0.8450199775000001
1.8980000000000015 0.8450799750000002
1.8990000000000014 0.8451399725000002
1.9000000000000012 0.84519997
1.9010000000000011 0.8452399705000001
1.9020000000000015 0.8452799710000001
1.9030000000000014 0.8453199715
1.9040000000000012 0.8453599720000001
1.9050000000000011 0.8453999725000001
1.9060000000000015 0.8454399730000002
1.9070000000000014 0.8454799735
1.9080000000000013 0.845519974
1.9090000000000011 0.8455599745000001
1.9100000000000015 0.8455999750000001
1.9110000000000014 0.8456399755000001
1.9120000000000013 0.8456799760000001
1.9130000000000011 0.8457199765
1.9140000000000015 0.845759977
1.9150000000000014 0.8457999775
1.9160000000000013 0.8458399780000001
1.9170000000000011 0.8458799785000001
1.9180000000000015 0.845919979
1.9190000000000014 0.8459599795000001
1.9200000000000013 0.84599998
1.9210000000000012 0.8460199805
1.9220000000000015 0.846039981
1.9230000000000014 0.8460599815000001
1.9240000000000013 0.846079982
1.9250000000000012 0.8460999825000001
1.9260000000000015 0.8461199830000001
1.9270000000000014 0.8461399835000001
1.9280000000000013 0.8461599840000001
1.9290000000000012 0.8461799845
1.9300000000000015 0.846199985
1.9310000000000014 0.8462199855
1.9320000000000013 0.846239986
1.9330000000000012 0.8462599865
1.9340000000000015 0.8462799870000001
1.9350000000000014 0.8462999875
1.9360000000000013 0.8463199880000001
1.9370000000000012 0.8463399885000001
1.9380000000000015 0.8463599890000001
1.9390000000000014 0.8463799895000002
1.9400000000000013 0.8463999900000002
1.9410000000000012 0.8464849895000002
1.9420000000000015 0.8465699890000002
1.9430000000000014 0.8466549885000002
1.9440000000000013 0.846739988
1.9450000000000012 0.8468249875000001
1.9460000000000015 0.8469099870000001
1.9470000000000014 0.8469949865
1.9480000000000013 0.8470799860000001
1.9490000000000012 0.8471649855000001
1.9500000000000015 0.8472499850000001
1.9510000000000014 0.8473349845000001
1.9520000000000013 0.8474199840000002
1.9530000000000012 0.8475049835
1.9540000000000015 0.8475899830000002
1.9550000000000014 0.8476749825000001
1.9560000000000013 0.847759982
1.9570000000000012 0.8478449815000001
1.9580000000000015 0.847929981
1.9590000000000014 0.8480149805
1.9600000000000013 0.8480999800000002
1.9610000000000012 0.8483149800000003
1.9620000000000015 0.8485299800000002
1.9630000000000014 0.8487449800000003
1.9640000000000013 0.8489599800000002
1.9650000000000012 0.8491749800000002
1.9660000000000015 0.8493899800000002
1.9670000000000014 0.8496049800000003
1.9680000000000013 0.8498199800000001
1.9690000000000012 0.8500349800000002
1.9700000000000015 0.8502499800000003
1.9710000000000014 0.8504649800000003
1.9720000000000013 0.8506799800000003
1.9730000000000012 0.8508949800000002
1.9740000000000015 0.8511099800000004
1.9750000000000014 0.8513249800000002
1.9760000000000013 0.8515399800000003
1.9770000000000012 0.8517549800000002
1.9780000000000015 0.8519699800000003
1.9790000000000014 0.8521849800000002
1.9800000000000013 0.8523999800000003
1.9810000000000012 0.8526299795000003
1.9820000000000015 0.8528599790000004
1.9830000000000014 0.8530899785000002
1.9840000000000013 0.8533199780000003
1.9850000000000012 0.8535499775000003
1.9860000000000015 0.8537799770000004
1.9870000000000014 0.8540099765000003
1.9880000000000013 0.8542399760000003
1.9890000000000012 0.8544699755000003
1.9900000000000015 0.8546999750000004
1.9910000000000014 0.8549299745000003
1.9920000000000013 0.8551599740000003
1.9930000000000012 0.8553899735000003
1.9940000000000015 0.8556199730000003
1.9950000000000014 0.8558499725000003
1.9960000000000013 0.8560799720000003
1.9970000000000012 0.8563099715000003
1.9980000000000016 0.8565399710000002
1.9990000000000014 0.8567699705000003
2.0000000000000013 0.8569999700000003
2.0010000000000012 0.8571749730000002
2.0020000000000016 0.8573499760000003
2.0030000000000014 0.8575249790000002
2.0040000000000013 0.8576999820000002
2.0050000000000012 0.8578749850000003
2.0060000000000016 0.8580499880000002
2.0070000000000014 0.8582249910000003
2.0080000000000013 0.8583999940000002
2.0090000000000012 0.8585749970000002
2.0100000000000016 0.8587500000000002
2.0110000000000015 0.8589250030000002
2.0120000000000013 0.8591000060000001
2.0130000000000012 0.8592750090000003
2.0140000000000016 0.8594500120000004
2.0150000000000015 0.8596250150000003
2.0160000000000013 0.8598000180000003
2.0170000000000012 0.8599750210000002
2.0180000000000016 0.8601500240000003
2.0190000000000015 0.8603250270000002
2.0200000000000014 0.8605000300000001
2.0210000000000012 0.8605300290000001
2.0220000000000016 0.860560028
2.0230000000000015 0.8605900270000001
2.0240000000000014 0.860620026
2.0250000000000012 0.8606500250000001
2.0260000000000016 0.8606800240000001
2.0270000000000015 0.860710023
2.0280000000000014 0.8607400220000001
2.0290000000000012 0.860770021
2.0300000000000016 0.8608000200000001
2.0310000000000015 0.860830019
2.0320000000000014 0.860860018
2.0330000000000013 0.860890017
2.0340000000000016 0.860920016
2.0350000000000015 0.8609500150000001
2.0360000000000014 0.860980014
2.0370000000000013 0.861010013
2.0380000000000016 0.861040012
2.0390000000000015 0.861070011
2.0400000000000014 0.8611000100000001
2.0410000000000013 0.8611600110000001
2.0420000000000016 0.861220012
2.0430000000000015 0.8612800130000001
2.0440000000000014 0.861340014
2.0450000000000013 0.8614000150000001
2.0460000000000016 0.8614600160000001
2.0470000000000015 0.861520017
2.0480000000000014 0.8615800180000001
2.0490000000000013 0.861640019
2.0500000000000016 0.8617000200000001
2.0510000000000015 0.861760021
2.0520000000000014 0.861820022
2.0530000000000013 0.8618800230000001
2.0540000000000016 0.861940024
2.0550000000000015 0.8620000250000001
2.0560000000000014 0.8620600260000001
2.0570000000000013 0.862120027
2.0580000000000016 0.862180028
2.0590000000000015 0.8622400290000001
2.0600000000000014 0.8623000300000001
2.0610000000000013 0.862380028
2.0620000000000016 0.8624600260000002
2.0630000000000015 0.8625400240000001
2.0640000000000014 0.8626200220000001
2.0650000000000013 0.86270002
2.0660000000000016 0.8627800180000001
2.0670000000000015 0.8628600160000001
2.0680000000000014 0.8629400140000001
2.0690000000000013 0.8630200120000001
2.0700000000000016 0.8631000100000001
2.0710000000000015 0.863180008
2.0720000000000014 0.8632600060000002
2.0730000000000013 0.8633400040000001
2.0740000000000016 0.8634200020000001
2.0750000000000015 0.8635
2.0760000000000014 0.8635799980000002
2.0770000000000013 0.8636599960000001
2.0780000000000016 0.8637399940000001
2.0790000000000015 0.8638199920000001
2.0800000000000014 0.8638999900000002
2.0810000000000013 0.8640299915000001
2.0820000000000016 0.8641599930000002
2.0830000000000015 0.8642899945000002
2.0840000000000014 0.8644199960000002
2.0850000000000013 0.8645499975000002
2.0860000000000016 0.8646799990000003
2.0870000000000015 0.8648100005000002
2.0880000000000014 0.8649400020000002
2.0890000000000013 0.8650700035000001
2.0900000000000016 0.8652000050000003
2.0910000000000015 0.8653300065000002
2.0920000000000014 0.8654600080000001
2.0930000000000013 0.8655900095000001
2.0940000000000016 0.8657200110000002
2.0950000000000015 0.8658500125000002
2.0960000000000014 0.8659800140000001
2.0970000000000013 0.8661100155000001
2.0980000000000016 0.8662400170000002
2.0990000000000015 0.8663700185000002
2.1000000000000014 0.8665000200000003
2.1010000000000013 0.8666950195000003
2.1020000000000016 0.8668900190000004
2.1030000000000015 0.8670850185000003
2.1040000000000014 0.8672800180000003
2.1050000000000013 0.8674750175000002
2.1060000000000016 0.8676700170000003
2.1070000000000015 0.8678650165000004
2.1080000000000014 0.8680600160000003
2.1090000000000013 0.8682550155000003
2.1100000000000017 0.8684500150000004
2.1110000000000015 0.8686450145000003
2.1120000000000014 0.8688400140000003
2.1130000000000013 0.8690350135000002
2.1140000000000017 0.8692300130000004
2.1150000000000015 0.8694250125000004
2.1160000000000014 0.8696200120000003
2.1170000000000013 0.8698150115000003
2.1180000000000017 0.8700100110000004
2.1190000000000015 0.8702050105000003
2.1200000000000014 0.8704000100000002
2.1210000000000013 0.8704650085000002
2.1220000000000017 0.8705300070000002
2.1230000000000016 0.8705950055000001
2.1240000000000014 0.8706600040000001
2.1250000000000013 0.8707250025000002
2.1260000000000017 0.8707900010000001
2.1270000000000016 0.8708549995000001
2.1280000000000014 0.8709199980000001
2.1290000000000013 0.8709849965
2.1300000000000017 0.8710499950000002
2.1310000000000016 0.8711149935000002
2.1320000000000014 0.8711799920000002
2.1330000000000013 0.8712449905000001
2.1340000000000017 0.8713099890000002
2.1350000000000016 0.8713749875000002
2.1360000000000015 0.8714399860000002
2.1370000000000013 0.8715049845000001
2.1380000000000017 0.8715699830000001
2.1390000000000016 0.8716349815000001
2.1400000000000015 0.8716999799999999
2.1410000000000013 0.8715999815
2.1420000000000017 0.871499983
2.1430000000000016 0.8713999844999999
2.1440000000000015 0.8712999859999999
2.1450000000000014 0.8711999874999999
2.1460000000000017 0.871099989
2.1470000000000016 0.8709999905
2.1480000000000015 0.8708999919999999
2.1490000000000014 0.8707999934999999
2.1500000000000017 0.8706999949999998
2.1510000000000016 0.8705999964999998
2.1520000000000015 0.8704999979999998
2.1530000000000014 0.8703999994999998
2.1540000000000017 0.8703000009999998
2.1550000000000016 0.8702000024999998
2.1560000000000015 0.8701000039999998
2.1570000000000014 0.8700000054999998
2.1580000000000017 0.8699000069999998
2.1590000000000016 0.8698000084999998
2.1600000000000015 0.86970001
2.1610000000000014 0.8696750084999999
2.1620000000000017 0.869650007
2.1630000000000016 0.8696250054999999
2.1640000000000015 0.869600004
2.1650000000000014 0.8695750025
2.1660000000000017 0.8695500009999999
2.1670000000000016 0.8695249994999998
2.1680000000000015 0.869499998
2.1690000000000014 0.8694749964999999
2.1700000000000017 0.869449995
2.1710000000000016 0.8694249934999999
2.1720000000000015 0.8693999920000001
2.1730000000000014 0.8693749905
2.1740000000000017 0.8693499889999999
2.1750000000000016 0.8693249875
2.1760000000000015 0.869299986
2.1770000000000014 0.8692749845000001
2.1780000000000017 0.869249983
2.1790000000000016 0.8692249814999999
2.1800000000000015 0.8691999800000001
2.1810000000000014 0.8692099820000001
2.1820000000000017 0.8692199840000001
2.1830000000000016 0.8692299860000001
2.1840000000000015 0.869239988
2.1850000000000014 0.8692499900000001
2.1860000000000017 0.869259992
2.1870000000000016 0.8692699940000002
2.1880000000000015 0.869279996
2.1890000000000014 0.8692899980000002
2.1900000000000017 0.8693000000000001
2.1910000000000016 0.8693100020000002
2.1920000000000015 0.8693200040000001
2.1930000000000014 0.8693300060000001
2.1940000000000017 0.8693400080000001
2.1950000000000016 0.8693500100000001
2.1960000000000015 0.869360012
2.1970000000000014 0.8693700140000001
2.1980000000000017 0.869380016
2.1990000000000016 0.8693900180000002
2.2000000000000015 0.8694000199999999
2.2010000000000014 0.869335018
2.2020000000000017 0.869270016
2.2030000000000016 0.8692050139999999
2.2040000000000015 0.869140012
2.2050000000000014 0.86907501
2.2060000000000017 0.869010008
2.2070000000000016 0.8689450059999999
2.2080000000000015 0.868880004
2.2090000000000014 0.868815002
2.2100000000000017 0.8687499999999999
2.2110000000000016 0.868684998
2.2120000000000015 0.868619996
2.2130000000000014 0.8685549939999998
2.2140000000000017 0.8684899919999998
2.2150000000000016 0.8684249899999998
2.2160000000000015 0.8683599879999998
2.2170000000000014 0.868294986
2.2180000000000017 0.8682299839999998
2.2190000000000016 0.8681649819999998
2.2200000000000015 0.8680999799999999
2.2210000000000014 0.8680999799999999
2.2220000000000018 0.8680999799999999
2.2230000000000016 0.8680999799999999
2.2240000000000015 0.8680999799999999
2.2250000000000014 0.8680999799999999
2.2260000000000018 0.8680999799999999
2.2270000000000016 0.8680999799999999
2.2280000000000015 0.8680999799999999
2.2290000000000014 0.8680999799999999
2.2300000000000018 0.8680999799999999
2.2310000000000016 0.8680999799999999
2.2320000000000015 0.8680999799999999
2.2330000000000014 0.8680999799999999
2.2340000000000018 0.8680999799999999
2.2350000000000017 0.8680999799999999
2.2360000000000015 0.8680999799999999
2.2370000000000014 0.8680999799999999
2.2380000000000018 0.8680999799999999
2.2390000000000017 0.8680999799999999
2.2400000000000015 0.8680999800000005
2.2410000000000014 0.8685176815000004
2.2420000000000018 0.8689353830000006
2.2430000000000017 0.8693530845000006
2.2440000000000015 0.8697707860000006
2.2450000000000014 0.8701884875000004
2.2460000000000018 0.8706061890000006
2.2470000000000017 0.8710238905000007
2.2480000000000016 0.8714415920000006
2.2490000000000014 0.8718592935000005
2.2500000000000018 0.8722769950000007
2.2510000000000017 0.8726946965000008
2.2520000000000016 0.8731123980000006
2.2530000000000014 0.8735300995000007
2.254000000000002 0.8739478010000008
2.2550000000000017 0.8743655025000008
2.2560000000000016 0.8747832040000008
2.2570000000000014 0.8752009055000007
2.258000000000002 0.8756186070000008
2.2590000000000017 0.8760363085000009
2.2600000000000016 0.8764540099999999
2.2610000000000015 0.876385109
2.262000000000002 0.876316208
2.2630000000000017 0.8762473069999999
2.2640000000000016 0.876178406
2.2650000000000015 0.8761095049999998
2.266000000000002 0.876040604
2.2670000000000017 0.8759717029999998
2.2680000000000016 0.8759028019999999
2.2690000000000015 0.8758339009999999
2.270000000000002 0.8757649999999999
2.2710000000000017 0.8756960989999999
2.2720000000000016 0.875627198
2.2730000000000015 0.8755582969999999
2.274000000000002 0.8754893959999999
2.2750000000000017 0.8754204949999999
2.2760000000000016 0.8753515939999998
2.2770000000000015 0.875282693
2.278000000000002 0.8752137919999998
2.2790000000000017 0.8751448909999999
2.2800000000000016 0.87507599
2.2810000000000015 0.875065492
2.282000000000002 0.8750549939999999
2.2830000000000017 0.875044496
2.2840000000000016 0.8750339979999999
2.2850000000000015 0.8750235
2.286000000000002 0.875013002
2.2870000000000017 0.875002504
2.2880000000000016 0.8749920059999999
2.2890000000000015 0.8749815080000001
2.290000000000002 0.87497101
2.2910000000000017 0.8749605119999999
2.2920000000000016 0.8749500139999999
2.2930000000000015 0.874939516
2.294000000000002 0.874929018
2.2950000000000017 0.8749185199999999
2.2960000000000016 0.8749080220000001
2.2970000000000015 0.874897524
2.298000000000002 0.874887026
2.2990000000000017 0.874876528
2.3000000000000016 0.8748660300000002
2.3010000000000015 0.8749846290000002
2.302000000000002 0.8751032280000003
2.3030000000000017 0.8752218270000003
2.3040000000000016 0.8753404260000002
2.3050000000000015 0.8754590250000003
2.306000000000002 0.8755776240000003
2.3070000000000017 0.8756962230000002
2.3080000000000016 0.8758148220000003
2.3090000000000015 0.8759334210000002
2.310000000000002 0.8760520200000002
2.3110000000000017 0.8761706190000003
2.3120000000000016 0.8762892180000001
2.3130000000000015 0.8764078170000001
2.314000000000002 0.8765264160000003
2.3150000000000017 0.8766450150000001
2.3160000000000016 0.8767636140000001
2.3170000000000015 0.8768822130000001
2.318000000000002 0.8770008120000001
2.3190000000000017 0.8771194110000002
2.3200000000000016 0.8772380099999999
2.3210000000000015 0.8772685085
2.322000000000002 0.877299007
2.3230000000000017 0.8773295055
2.3240000000000016 0.8773600039999999
2.3250000000000015 0.8773905025000001
2.326000000000002 0.877421001
2.3270000000000017 0.8774514995
2.3280000000000016 0.8774819979999999
2.3290000000000015 0.8775124965000001
2.330000000000002 0.877542995
2.3310000000000017 0.8775734935
2.3320000000000016 0.8776039919999999
2.3330000000000015 0.8776344905000001
2.334000000000002 0.877664989
2.3350000000000017 0.8776954875
2.3360000000000016 0.877725986
2.3370000000000015 0.8777564845000001
2.338000000000002 0.877786983
2.3390000000000017 0.8778174814999999
2.3400000000000016 0.8778479800000001
2.3410000000000015 0.8779030795
2.342000000000002 0.8779581790000001
2.3430000000000017 0.8780132785000001
2.3440000000000016 0.8780683780000001
2.3450000000000015 0.8781234775
2.346000000000002 0.878178577
2.3470000000000018 0.8782336765000001
2.3480000000000016 0.8782887760000001
2.3490000000000015 0.8783438755
2.350000000000002 0.8783989750000001
2.3510000000000018 0.8784540745000001
2.3520000000000016 0.8785091740000002
2.3530000000000015 0.8785642735
2.354000000000002 0.878619373
2.3550000000000018 0.8786744725000001
2.3560000000000016 0.8787295720000001
2.3570000000000015 0.8787846715000001
2.358000000000002 0.8788397710000001
2.3590000000000018 0.8788948705000001
2.3600000000000017 0.8789499700000001
2.3610000000000015 0.8789573705000001
2.362000000000002 0.878964771
2.3630000000000018 0.8789721715000001
2.3640000000000017 0.8789795720000001
2.3650000000000015 0.8789869725
2.366000000000002 0.878994373
2.3670000000000018 0.8790017735000001
2.3680000000000017 0.879009174
2.3690000000000015 0.8790165745
2.370000000000002 0.8790239750000001
2.3710000000000018 0.8790313755
2.3720000000000017 0.879038776
2.3730000000000016 0.8790461765
2.374000000000002 0.879053577
2.3750000000000018 0.8790609775
2.3760000000000017 0.8790683779999999
2.3770000000000016 0.8790757785
2.378000000000002 0.879083179
2.379000000000002 0.8790905794999999
2.3800000000000017 0.87909798
2.3810000000000016 0.8791210814999999
2.382000000000002 0.879144183
2.383000000000002 0.8791672844999999
2.3840000000000017 0.8791903859999999
2.3850000000000016 0.8792134875000001
2.386000000000002 0.879236589
2.387000000000002 0.8792596905000001
2.3880000000000017 0.879282792
2.3890000000000016 0.8793058935000001
2.390000000000002 0.8793289950000001
2.391000000000002 0.8793520965
2.3920000000000017 0.8793751980000001
2.3930000000000016 0.8793982995
2.394000000000002 0.879421401
2.395000000000002 0.8794445025000001
2.3960000000000017 0.879467604
2.3970000000000016 0.8794907055
2.398000000000002 0.879513807
2.399000000000002 0.8795369085
2.4000000000000017 0.8795600100000001
8795600100000001
