0 0 0 1 0
3.1578947368421053 0 0 1 0
6.315789473684211 0 0 1 0
9.473684210526315 0 0 1 0
12.631578947368421 0 0 1 0
15.789473684210526 0 0 1 0
18.94736842105263 0 0 1 0
22.105263157894736 0 0 1 0
25.263157894736842 0 0 1 0
28.42105263157895 0 0 1 0
31.57894736842105 0 0 1 0
34.73684210526316 0 0 1 0
37.89473684210526 0 0 1 0
41.05263157894737 0 0 1 0
44.21052631578947 0 0 1 0
47.36842105263158 0 0 1 0
50.526315789473685 0 0 1 0
53.68421052631579 0 0 1 0
56.8421052631579 0 0 1 0
60 0 0 1 0
0 3.1578947368421053 0 1 0
3.1578947368421053 3.1578947368421053 0 1 0
6.315789473684211 3.1578947368421053 0 1 0
9.473684210526315 3.1578947368421053 0 1 0
12.631578947368421 3.1578947368421053 0 1 0
15.789473684210526 3.1578947368421053 0 1 0
18.94736842105263 3.1578947368421053 0 1 0
22.105263157894736 3.1578947368421053 0 1 0
25.263157894736842 3.1578947368421053 0 1 0
28.42105263157895 3.1578947368421053 0 1 0
31.57894736842105 3.1578947368421053 0 1 0
34.73684210526316 3.1578947368421053 0 1 0
37.89473684210526 3.1578947368421053 0 1 0
41.05263157894737 3.1578947368421053 0 1 0
44.21052631578947 3.1578947368421053 0 1 0
47.36842105263158 3.1578947368421053 0 1 0
50.526315789473685 3.1578947368421053 0 1 0
53.68421052631579 3.1578947368421053 0 1 0
56.8421052631579 3.1578947368421053 0 1 0
60 3.1578947368421053 0 1 0
0 6.315789473684211 0 1 0
3.1578947368421053 6.315789473684211 0 1 0
6.315789473684211 6.315789473684211 0 1 0
9.473684210526315 6.315789473684211 0 1 0
12.631578947368421 6.315789473684211 0 1 0
15.789473684210526 6.315789473684211 0 1 0
18.94736842105263 6.315789473684211 0 1 0
22.105263157894736 6.315789473684211 0 1 0
25.263157894736842 6.315789473684211 0 1 0
28.42105263157895 6.315789473684211 0 1 0
31.57894736842105 6.315789473684211 0 1 0
34.73684210526316 6.315789473684211 0 1 0
37.89473684210526 6.315789473684211 0 1 0
41.05263157894737 6.315789473684211 0 1 0
44.21052631578947 6.315789473684211 0 1 0
47.36842105263158 6.315789473684211 0 1 0
50.526315789473685 6.315789473684211 0 1 0
53.68421052631579 6.315789473684211 0 1 0
56.8421052631579 6.315789473684211 0 1 0
60 6.315789473684211 0 1 0
0 9.473684210526315 0 1 0
3.1578947368421053 9.473684210526315 0 1 0
6.315789473684211 9.473684210526315 0 1 0
9.473684210526315 9.473684210526315 0 1 0
12.631578947368421 9.473684210526315 0 1 0
15.789473684210526 9.473684210526315 0 1 0
18.94736842105263 9.473684210526315 0 1 0
22.105263157894736 9.473684210526315 0 1 0
25.263157894736842 9.473684210526315 0 1 0
28.42105263157895 9.473684210526315 0 1 0
31.57894736842105 9.473684210526315 0 1 0
34.73684210526316 9.473684210526315 0 1 0
37.89473684210526 9.473684210526315 0 1 0
41.05263157894737 9.473684210526315 0 1 0
44.21052631578947 9.473684210526315 0 1 0
47.36842105263158 9.473684210526315 0 1 0
50.526315789473685 9.473684210526315 0 1 0
53.68421052631579 9.473684210526315 0 1 0
56.8421052631579 9.473684210526315 0 1 0
60 9.473684210526315 0 1 0
0 12.631578947368421 0 1 0
3.1578947368421053 12.631578947368421 0 1 0
6.315789473684211 12.631578947368421 0 1 0
9.473684210526315 12.631578947368421 0 1 0
12.631578947368421 12.631578947368421 0 1 0
15.789473684210526 12.631578947368421 0 1 0
18.94736842105263 12.631578947368421 0 1 0
22.105263157894736 12.631578947368421 0 1 0
25.263157894736842 12.631578947368421 0 1 0
28.42105263157895 12.631578947368421 0 1 0
31.57894736842105 12.631578947368421 0 1 0
34.73684210526316 12.631578947368421 0 1 0
37.89473684210526 12.631578947368421 0 1 0
41.05263157894737 12.631578947368421 0 1 0
44.21052631578947 12.631578947368421 0 1 0
47.36842105263158 12.631578947368421 0 1 0
50.526315789473685 12.631578947368421 0 1 0
53.68421052631579 12.631578947368421 0 1 0
56.8421052631579 12.631578947368421 0 1 0
60 12.631578947368421 0 1 0
0 15.789473684210526 0 1 0
3.1578947368421053 15.789473684210526 0 1 0
6.315789473684211 15.789473684210526 0 1 0
9.473684210526315 15.789473684210526 0 1 0
12.631578947368421 15.789473684210526 0 1 0
15.789473684210526 15.789473684210526 0 1 0
18.94736842105263 15.789473684210526 0 1 0
22.105263157894736 15.789473684210526 0 1 0
25.263157894736842 15.789473684210526 0 1 0
28.42105263157895 15.789473684210526 0 1 0
31.57894736842105 15.789473684210526 0 1 0
34.73684210526316 15.789473684210526 0 1 0
37.89473684210526 15.789473684210526 0 1 0
41.05263157894737 15.789473684210526 0 1 0
44.21052631578947 15.789473684210526 0 1 0
47.36842105263158 15.789473684210526 0 1 0
50.526315789473685 15.789473684210526 0 1 0
53.68421052631579 15.789473684210526 0 1 0
56.8421052631579 15.789473684210526 0 1 0
60 15.789473684210526 0 1 0
0 18.94736842105263 0 1 0
3.1578947368421053 18.94736842105263 0 1 0
6.315789473684211 18.94736842105263 0 1 0
9.473684210526315 18.94736842105263 0 1 0
12.631578947368421 18.94736842105263 0 1 0
15.789473684210526 18.94736842105263 0 1 0
18.94736842105263 18.94736842105263 0 1 0
22.105263157894736 18.94736842105263 0 1 0
25.263157894736842 18.94736842105263 0 1 0
28.42105263157895 18.94736842105263 0 1 0
31.57894736842105 18.94736842105263 0 1 0
34.73684210526316 18.94736842105263 0 1 0
37.89473684210526 18.94736842105263 0 1 0
41.05263157894737 18.94736842105263 0 1 0
44.21052631578947 18.94736842105263 0 1 0
47.36842105263158 18.94736842105263 0 1 0
50.526315789473685 18.94736842105263 0 1 0
53.68421052631579 18.94736842105263 0 1 0
56.8421052631579 18.94736842105263 0 1 0
60 18.94736842105263 0 1 0
0 22.105263157894736 0 1 0
3.1578947368421053 22.105263157894736 0 1 0
6.315789473684211 22.105263157894736 0 1 0
9.473684210526315 22.105263157894736 0 1 0
12.631578947368421 22.105263157894736 0 1 0
15.789473684210526 22.105263157894736 0 1 0
18.94736842105263 22.105263157894736 0 1 0
22.105263157894736 22.105263157894736 0 1 0
25.263157894736842 22.105263157894736 0 1 0
28.42105263157895 22.105263157894736 0 1 0
31.57894736842105 22.105263157894736 0 1 0
34.73684210526316 22.105263157894736 0 1 0
37.89473684210526 22.105263157894736 0 1 0
41.05263157894737 22.105263157894736 0 1 0
44.21052631578947 22.105263157894736 0 1 0
47.36842105263158 22.105263157894736 0 1 0
50.526315789473685 22.105263157894736 0 1 0
53.68421052631579 22.105263157894736 0 1 0
56.8421052631579 22.105263157894736 0 1 0
60 22.105263157894736 0 1 0
0 25.263157894736842 0 1 0
3.1578947368421053 25.263157894736842 0 1 0
6.315789473684211 25.263157894736842 0 1 0
9.473684210526315 25.263157894736842 0 1 0
12.631578947368421 25.263157894736842 0 1 0
15.789473684210526 25.263157894736842 0 1 0
18.94736842105263 25.263157894736842 0 1 0
22.105263157894736 25.263157894736842 0 1 0
25.263157894736842 25.263157894736842 0 1 0
28.42105263157895 25.263157894736842 0 1 0
31.57894736842105 25.263157894736842 0 1 0
34.73684210526316 25.263157894736842 0 1 0
37.89473684210526 25.263157894736842 0 1 0
41.05263157894737 25.263157894736842 0 1 0
44.21052631578947 25.263157894736842 0 1 0
47.36842105263158 25.263157894736842 0 1 0
50.526315789473685 25.263157894736842 0 1 0
53.68421052631579 25.263157894736842 0 1 0
56.8421052631579 25.263157894736842 0 1 0
60 25.263157894736842 0 1 0
0 28.42105263157895 0 1 0
3.1578947368421053 28.42105263157895 0 1 0
6.315789473684211 28.42105263157895 0 1 0
9.473684210526315 28.42105263157895 0 1 0
12.631578947368421 28.42105263157895 0 1 0
15.789473684210526 28.42105263157895 0 1 0
18.94736842105263 28.42105263157895 0 1 0
22.105263157894736 28.42105263157895 0 1 0
25.263157894736842 28.42105263157895 0 1 0
28.42105263157895 28.42105263157895 0 1 0
31.57894736842105 28.42105263157895 0 1 0
34.73684210526316 28.42105263157895 0 1 0
37.89473684210526 28.42105263157895 0 1 0
41.05263157894737 28.42105263157895 0 1 0
44.21052631578947 28.42105263157895 0 1 0
47.36842105263158 28.42105263157895 0 1 0
50.526315789473685 28.42105263157895 0 1 0
53.68421052631579 28.42105263157895 0 1 0
56.8421052631579 28.42105263157895 0 1 0
60 28.42105263157895 0 1 0
0 31.57894736842105 0 1 0
3.1578947368421053 31.57894736842105 0 1 0
6.315789473684211 31.57894736842105 0 1 0
9.473684210526315 31.57894736842105 0 1 0
12.631578947368421 31.57894736842105 0 1 0
15.789473684210526 31.57894736842105 0 1 0
18.94736842105263 31.57894736842105 0 1 0
22.105263157894736 31.57894736842105 0 1 0
25.263157894736842 31.57894736842105 0 1 0
28.42105263157895 31.57894736842105 0 1 0
31.57894736842105 31.57894736842105 0 1 0
34.73684210526316 31.57894736842105 0 1 0
37.89473684210526 31.57894736842105 0 1 0
41.05263157894737 31.57894736842105 0 1 0
44.21052631578947 31.57894736842105 0 1 0
47.36842105263158 31.57894736842105 0 1 0
50.526315789473685 31.57894736842105 0 1 0
53.68421052631579 31.57894736842105 0 1 0
56.8421052631579 31.57894736842105 0 1 0
60 31.57894736842105 0 1 0
0 34.73684210526316 0 1 0
3.1578947368421053 34.73684210526316 0 1 0
6.315789473684211 34.73684210526316 0 1 0
9.473684210526315 34.73684210526316 0 1 0
12.631578947368421 34.73684210526316 0 1 0
15.789473684210526 34.73684210526316 0 1 0
18.94736842105263 34.73684210526316 0 1 0
22.105263157894736 34.73684210526316 0 1 0
25.263157894736842 34.73684210526316 0 1 0
28.42105263157895 34.73684210526316 0 1 0
31.57894736842105 34.73684210526316 0 1 0
34.73684210526316 34.73684210526316 0 1 0
37.89473684210526 34.73684210526316 0 1 0
41.05263157894737 34.73684210526316 0 1 0
44.21052631578947 34.73684210526316 0 1 0
47.36842105263158 34.73684210526316 0 1 0
50.526315789473685 34.73684210526316 0 1 0
53.68421052631579 34.73684210526316 0 1 0
56.8421052631579 34.73684210526316 0 1 0
60 34.73684210526316 0 1 0
0 37.89473684210526 0 1 0
3.1578947368421053 37.89473684210526 0 1 0
6.315789473684211 37.89473684210526 0 1 0
9.473684210526315 37.89473684210526 0 1 0
12.631578947368421 37.89473684210526 0 1 0
15.789473684210526 37.89473684210526 0 1 0
18.94736842105263 37.89473684210526 0 1 0
22.105263157894736 37.89473684210526 0 1 0
25.263157894736842 37.89473684210526 0 1 0
28.42105263157895 37.89473684210526 0 1 0
31.57894736842105 37.89473684210526 0 1 0
34.73684210526316 37.89473684210526 0 1 0
37.89473684210526 37.89473684210526 0 1 0
41.05263157894737 37.89473684210526 0 1 0
44.21052631578947 37.89473684210526 0 1 0
47.36842105263158 37.89473684210526 0 1 0
50.526315789473685 37.89473684210526 0 1 0
53.68421052631579 37.89473684210526 0 1 0
56.8421052631579 37.89473684210526 0 1 0
60 37.89473684210526 0 1 0
0 41.05263157894737 0 1 0
3.1578947368421053 41.05263157894737 0 1 0
6.315789473684211 41.05263157894737 0 1 0
9.473684210526315 41.05263157894737 0 1 0
12.631578947368421 41.05263157894737 0 1 0
15.789473684210526 41.05263157894737 0 1 0
18.94736842105263 41.05263157894737 0 1 0
22.105263157894736 41.05263157894737 0 1 0
25.263157894736842 41.05263157894737 0 1 0
28.42105263157895 41.05263157894737 0 1 0
31.57894736842105 41.05263157894737 0 1 0
34.73684210526316 41.05263157894737 0 1 0
37.89473684210526 41.05263157894737 0 1 0
41.05263157894737 41.05263157894737 0 1 0
44.21052631578947 41.05263157894737 0 1 0
47.36842105263158 41.05263157894737 0 1 0
50.526315789473685 41.05263157894737 0 1 0
53.68421052631579 41.05263157894737 0 1 0
56.8421052631579 41.05263157894737 0 1 0
60 41.05263157894737 0 1 0
0 44.21052631578947 0 1 0
3.1578947368421053 44.21052631578947 0 1 0
6.315789473684211 44.21052631578947 0 1 0
9.473684210526315 44.21052631578947 0 1 0
12.631578947368421 44.21052631578947 0 1 0
15.789473684210526 44.21052631578947 0 1 0
18.94736842105263 44.21052631578947 0 1 0
22.105263157894736 44.21052631578947 0 1 0
25.263157894736842 44.21052631578947 0 1 0
28.42105263157895 44.21052631578947 0 1 0
31.57894736842105 44.21052631578947 0 1 0
34.73684210526316 44.21052631578947 0 1 0
37.89473684210526 44.21052631578947 0 1 0
41.05263157894737 44.21052631578947 0 1 0
44.21052631578947 44.21052631578947 0 1 0
47.36842105263158 44.21052631578947 0 1 0
50.526315789473685 44.21052631578947 0 1 0
53.68421052631579 44.21052631578947 0 1 0
56.8421052631579 44.21052631578947 0 1 0
60 44.21052631578947 0 1 0
0 47.36842105263158 0 1 0
3.1578947368421053 47.36842105263158 0 1 0
6.315789473684211 47.36842105263158 0 1 0
9.473684210526315 47.36842105263158 0 1 0
12.631578947368421 47.36842105263158 0 1 0
15.789473684210526 47.36842105263158 0 1 0
18.94736842105263 47.36842105263158 0 1 0
22.105263157894736 47.36842105263158 0 1 0
25.263157894736842 47.36842105263158 0 1 0
28.42105263157895 47.36842105263158 0 1 0
31.57894736842105 47.36842105263158 0 1 0
34.73684210526316 47.36842105263158 0 1 0
37.89473684210526 47.36842105263158 0 1 0
41.05263157894737 47.36842105263158 0 1 0
44.21052631578947 47.36842105263158 0 1 0
47.36842105263158 47.36842105263158 0 1 0
50.526315789473685 47.36842105263158 0 1 0
53.68421052631579 47.36842105263158 0 1 0
56.8421052631579 47.36842105263158 0 1 0
60 47.36842105263158 0 1 0
0 50.526315789473685 0 1 0
3.1578947368421053 50.526315789473685 0 1 0
6.315789473684211 50.526315789473685 0 1 0
9.473684210526315 50.526315789473685 0 1 0
12.631578947368421 50.526315789473685 0 1 0
15.789473684210526 50.526315789473685 0 1 0
18.94736842105263 50.526315789473685 0 1 0
22.105263157894736 50.526315789473685 0 1 0
25.263157894736842 50.526315789473685 0 1 0
28.42105263157895 50.526315789473685 0 1 0
31.57894736842105 50.526315789473685 0 1 0
34.73684210526316 50.526315789473685 0 1 0
37.89473684210526 50.526315789473685 0 1 0
41.05263157894737 50.526315789473685 0 1 0
44.21052631578947 50.526315789473685 0 1 0
47.36842105263158 50.526315789473685 0 1 0
50.526315789473685 50.526315789473685 0 1 0
53.68421052631579 50.526315789473685 0 1 0
56.8421052631579 50.526315789473685 0 1 0
60 50.526315789473685 0 1 0
0 53.68421052631579 0 1 0
3.1578947368421053 53.68421052631579 0 1 0
6.315789473684211 53.68421052631579 0 1 0
9.473684210526315 53.68421052631579 0 1 0
12.631578947368421 53.68421052631579 0 1 0
15.789473684210526 53.68421052631579 0 1 0
18.94736842105263 53.68421052631579 0 1 0
22.105263157894736 53.68421052631579 0 1 0
25.263157894736842 53.68421052631579 0 1 0
28.42105263157895 53.68421052631579 0 1 0
31.57894736842105 53.68421052631579 0 1 0
34.73684210526316 53.68421052631579 0 1 0
37.89473684210526 53.68421052631579 0 1 0
41.05263157894737 53.68421052631579 0 1 0
44.21052631578947 53.68421052631579 0 1 0
47.36842105263158 53.68421052631579 0 1 0
50.526315789473685 53.68421052631579 0 1 0
53.68421052631579 53.68421052631579 0 1 0
56.8421052631579 53.68421052631579 0 1 0
60 53.68421052631579 0 1 0
0 56.8421052631579 0 1 0
3.1578947368421053 56.8421052631579 0 1 0
6.315789473684211 56.8421052631579 0 1 0
9.473684210526315 56.8421052631579 0 1 0
12.631578947368421 56.8421052631579 0 1 0
15.789473684210526 56.8421052631579 0 1 0
18.94736842105263 56.8421052631579 0 1 0
22.105263157894736 56.8421052631579 0 1 0
25.263157894736842 56.8421052631579 0 1 0
28.42105263157895 56.8421052631579 0 1 0
31.57894736842105 56.8421052631579 0 1 0
34.73684210526316 56.8421052631579 0 1 0
37.89473684210526 56.8421052631579 0 1 0
41.05263157894737 56.8421052631579 0 1 0
44.21052631578947 56.8421052631579 0 1 0
47.36842105263158 56.8421052631579 0 1 0
50.526315789473685 56.8421052631579 0 1 0
53.68421052631579 56.8421052631579 0 1 0
56.8421052631579 56.8421052631579 0 1 0
60 56.8421052631579 0 1 0
0 60 0 1 0
3.1578947368421053 60 0 1 0
6.315789473684211 60 0 1 0
9.473684210526315 60 0 1 0
12.631578947368421 60 0 1 0
15.789473684210526 60 0 1 0
18.94736842105263 60 0 1 0
22.105263157894736 60 0 1 0
25.263157894736842 60 0 1 0
28.42105263157895 60 0 1 0
31.57894736842105 60 0 1 0
34.73684210526316 60 0 1 0
37.89473684210526 60 0 1 0
41.05263157894737 60 0 1 0
44.21052631578947 60 0 1 0
47.36842105263158 60 0 1 0
50.526315789473685 60 0 1 0
53.68421052631579 60 0 1 0
56.8421052631579 60 0 1 0
60 60 0 1 0
