48  
214.0139   14.34   15.2116   839   0.9382   0   326.8
214.0347   14.33   15.4793   839   0.8504   0   347.5
214.0556   14.09   15.3691   838   0.2951   0   364.1
214.0764   14.67   15.7064   838   0.8847   0   362.9
214.0972   15.41   16.1574   838   0.187   0   333.8
214.1181   15.1   15.8216   838   0.2529   0   318.7
214.1389   14.02   15.1394   838   0.7658   0   311.8
214.1597   13.35   14.7695   838   0.8277   0   311.2
214.1806   12.56   14.3164   838   0.7459   0   313.3
214.2014   12.03   14.0507   838   0.3718   0   308.2
214.2222   11.64   13.6935   838   0.3375   0   310.9
214.2431   11.83   13.8665   838   0.9384   0   305.6
214.2639   11.23   13.3266   838   0.4852   0.2   306.2
214.2847   11.39   13.4688   838   0.7063   37.38   307.6
214.3056   12.94   14.8415   838   0.5758   125.8   313.5
214.3264   15.25   16.2002   839   0.0568   173.6   308.2
214.3472   17.66   17.1284   839   0.125   304.5   312.6
214.3681   19.81   17.8111   839   0.1956   406.9   317.5
214.3889   20.02   17.4545   839   0.1394   508.8   322.6
214.4097   21.76   17.5625   839   0.5057   608   326.4
214.4306   23.17   17.1349   839   0.5727   689.5   330.7
214.4514   24.15   16.779   839   0.7185   770.3   333.2
214.4722   25.04   15.4668   839   0.8693   824   338.1
214.4931   26.57   15.7618   839   0.5009   879   339.3
214.5139   26.6   14.3413   839   0.4326   926   340.1
214.5347   26.83   14.2754   839   0.6446   955   341.7
214.5556   27.43   14.9325   839   0.5863   962   343.9
214.5764   27.02   15.1492   838   0.7217   956   346
214.5972   27.38   14.2875   838   1.0012   941   344
214.6181   28.05   13.4245   838   0.417   908   345.4
214.6389   28.52   13.8156   838   0.7291   848   349.1
214.6597   29.32   12.9032   837   0.6748   786.1   352.1
214.6806   29.75   12.9129   837   0.3171   715.5   352.2
214.7014   30.25   11.4726   837   0.3718   628.9   351.4
214.7222   30.14   10.7847   837   0.6358   535.9   352
214.7431   31.4   11.9833   837   0.212   424.5   354
214.7639   32.47   14.7905   837   0.2924   322   356.1
214.7847   30.84   15.2351   837   0.3765   222.8   354.4
214.8056   29.4   16.6922   837   0.3848   131.1   353.6
214.8264   27   16.1188   837   0.5858   51.12   352.9
214.8472   24.08   17.569   837   0.8381   4.88   349.8
214.8681   21.42   18.8723   837   1.2848   0   367.2
214.8889   20   18.0664   837   1.1668   0   347.5
214.9097   20.92   15.776   838   1.1677   0   361.2
214.9306   20.34   14.8356   838   1.4051   0   378.6
214.9514   20.16   15.2972   838   1.2336   0   380.4
214.9722   19.49   14.9173   838   0.3217   0   351
214.9931   18.97   16.0668   838   0.3572   0   366.9
