7.07353E+001   
7.25800E+001   
7.32996E+001   
7.31897E+001   
6.88121E+001   
6.93809E+001   
7.09710E+001   
6.78222E+001   
7.19986E+001   
7.80983E+001   
7.34285E+001   
7.52323E+001   
8.09926E+001   
7.74321E+001   
7.65082E+001   
7.78783E+001   
8.09831E+001   
7.88996E+001   
7.59331E+001   
7.53737E+001   
7.42644E+001   
7.72310E+001   
7.53926E+001   
7.34316E+001   
7.57634E+001   
7.61342E+001   
7.55246E+001   
7.15712E+001   
6.92458E+001   
6.63326E+001   
5.28763E+001   
5.57172E+001   
7.04651E+001   
7.94087E+001   
7.91102E+001   
7.63793E+001   
8.43582E+001   
8.56184E+001   
7.85037E+001   
7.87174E+001   
8.18348E+001   
8.48673E+001   
9.16143E+001   
9.17654E+001   
9.12375E+001   
9.03546E+001   
8.96350E+001   
9.55172E+001   
9.80876E+001   
9.64191E+001   
1.02025E+002   
1.06119E+002   
1.01101E+002   
9.68778E+001   
9.83201E+001   
1.01048E+002   
1.03879E+002   
1.06638E+002   
1.02625E+002   
1.01126E+002   
1.03542E+002   
1.03854E+002   
1.04790E+002   
1.03005E+002   
1.03662E+002   
1.04429E+002   
1.03546E+002   
1.07037E+002   
1.07253E+002   
1.07134E+002   
1.06119E+002   
1.05261E+002   
1.08268E+002   
1.07527E+002   
1.07275E+002   
1.09975E+002   
1.09214E+002   
1.10411E+002   
1.12240E+002   
1.10066E+002   
1.08887E+002   
1.09101E+002   
1.11439E+002   
1.11568E+002   
1.07819E+002   
1.04774E+002   
9.54104E+001   
9.37890E+001   
1.03756E+002   
1.06330E+002   
1.08287E+002   
1.06924E+002   
1.02782E+002   
1.05208E+002   
1.09500E+002   
1.09698E+002   
1.09912E+002   
1.10798E+002   
1.05019E+002   
1.04469E+002   
1.03555E+002   
1.00573E+002   
1.03077E+002   
1.05117E+002   
1.04583E+002   
1.05318E+002   
1.09770E+002   
1.09802E+002   
1.05255E+002   
1.06908E+002   
1.08919E+002   
1.08960E+002   
1.08755E+002   
1.06628E+002   
1.03514E+002   
1.03385E+002   
1.01937E+002   
9.35879E+001   
9.08322E+001   
9.51967E+001   
1.01695E+002   
1.04963E+002   
1.05469E+002   
1.05431E+002   
1.08353E+002   
1.09324E+002   
1.01685E+002   
9.70946E+001   
1.04026E+002   
1.08869E+002   
1.09893E+002   
1.11609E+002   
1.07455E+002   
1.02408E+002   
1.03577E+002   
1.09230E+002   
1.11109E+002   
1.08749E+002   
1.09148E+002   
1.08184E+002   
1.04353E+002   
1.03872E+002   
1.08030E+002   
1.07194E+002   
1.06974E+002   
1.09934E+002   
1.09921E+002   
1.08331E+002   
1.07649E+002   
1.07687E+002   
1.07631E+002   
1.08441E+002   
1.08605E+002   
1.08975E+002   
1.10320E+002   
1.10402E+002   
1.08485E+002   
1.07181E+002   
1.06147E+002   
1.05651E+002   
1.06873E+002   
1.08294E+002   
1.08023E+002   
1.09107E+002   
1.10276E+002   
1.08237E+002   
1.05000E+002   
1.06980E+002   
1.08718E+002   
1.07690E+002   
1.07436E+002   
1.06066E+002   
1.08733E+002   
1.11583E+002   
1.10682E+002   
1.08931E+002   
1.08847E+002   
1.09902E+002   
1.08275E+002   
1.08017E+002   
1.09752E+002   
1.09953E+002   
1.11156E+002   
1.11819E+002   
1.11065E+002   
1.09447E+002   
1.07813E+002   
1.08988E+002   
1.07819E+002   
9.74151E+001   
9.73366E+001   
1.04689E+002   
1.04262E+002   
1.05327E+002   
1.05249E+002   
1.04542E+002   
1.06135E+002   
1.06594E+002   
1.06515E+002   
1.06933E+002   
1.06584E+002   
1.06063E+002   
1.05541E+002   
1.06738E+002   
1.08708E+002   
1.08862E+002   
1.07850E+002   
1.08240E+002   
1.07665E+002   
1.06458E+002   
1.05475E+002   
1.05739E+002   
1.05566E+002   
1.02411E+002   
1.02282E+002   
1.03929E+002   
1.01880E+002   
1.00840E+002   
1.04636E+002   
1.06088E+002   
1.06034E+002   
1.06392E+002   
1.05400E+002   
1.03797E+002   
1.01748E+002   
1.01324E+002   
1.02861E+002   
1.04058E+002   
1.03646E+002   
1.03524E+002   
1.03288E+002   
1.02066E+002   
1.02216E+002   
1.03096E+002   
1.03332E+002   
1.03668E+002   
1.02986E+002   
1.03744E+002   
1.05029E+002   
1.04432E+002   
1.03310E+002   
1.02512E+002   
1.02845E+002   
1.03121E+002   
1.03046E+002   
1.02273E+002   
1.00454E+002   
9.93319E+001   
9.99258E+001   
9.77734E+001   
9.84269E+001   
1.00831E+002   
1.00664E+002   
1.01770E+002   
1.00887E+002   
9.81975E+001   
8.77245E+001   
8.75234E+001   
9.89108E+001   
1.00718E+002   
1.01311E+002   
1.02597E+002   
1.02879E+002   
1.02113E+002   
1.00988E+002   
1.02022E+002   
1.01594E+002   
1.01267E+002   
1.02282E+002   
1.02128E+002   
1.01927E+002   
1.00723E+002   
1.00280E+002   
1.01531E+002   
1.01590E+002   
1.00739E+002   
1.00695E+002   
1.00849E+002   
1.00588E+002   
1.00280E+002   
9.98938E+001   
9.99001E+001   
1.00111E+002   
1.00271E+002   
9.92371E+001   
9.80118E+001   
9.58439E+001   
8.31872E+001   
8.13207E+001   
8.81110E+001   
8.88274E+001   
9.13664E+001   
9.20357E+001   
9.18880E+001   
9.00780E+001   
9.05054E+001   
9.31574E+001   
9.51087E+001   
9.50553E+001   
9.38299E+001   
9.17057E+001   
8.98015E+001   
8.99304E+001   
9.24441E+001   
9.44237E+001   
9.37513E+001   
9.33554E+001   
9.36634E+001   
9.39870E+001   
9.38173E+001   
9.41912E+001   
9.42666E+001   
9.35660E+001   
9.28905E+001   
9.23344E+001   
9.14232E+001   
8.79099E+001   
7.93474E+001   
7.16875E+001   
7.18613E+001   
7.25694E+001   
7.88730E+001   
8.55627E+001   
8.20453E+001   
7.79710E+001   
7.68507E+001   
7.73912E+001   
7.66559E+001   
7.90411E+001   
7.89797E+001   
7.77040E+001   
7.92688E+001   
8.12421E+001   
8.53867E+001   
8.84347E+001   
8.81801E+001   
8.67567E+001   
8.79571E+001   
8.80017E+001   
8.70277E+001   
8.80048E+001   
8.76058E+001   
8.68769E+001   
8.94752E+001   
8.97988E+001   
8.94658E+001   
9.03675E+001   
9.01602E+001   
9.01727E+001   
8.92050E+001   
8.92019E+001   
8.93181E+001   
8.87149E+001   
8.94124E+001   
9.00408E+001   
8.96449E+001   
8.89568E+001   
8.86898E+001   
8.80582E+001   
7.66199E+001   
4.44414E+001   
3.22875E+001   
4.80753E+001   
5.07674E+001   
5.22760E+001   
6.17820E+001   
6.80385E+001   
7.59789E+001   
8.33862E+001   
8.49006E+001   
8.55258E+001   
8.57741E+001   
8.51300E+001   
8.60600E+001   
8.58746E+001   
8.49792E+001   
8.60034E+001   
8.60160E+001   
8.59783E+001   
8.61668E+001   
8.54882E+001   
8.52776E+001   
8.54285E+001   
8.45644E+001   
8.44670E+001   
8.43036E+001   
8.38449E+001   
8.37664E+001   
8.28521E+001   
8.18121E+001   
8.15231E+001   
8.06716E+001   
8.02349E+001   
8.01783E+001   
7.91635E+001   
8.05585E+001   
8.01752E+001   
7.97510E+001   
8.11429E+001   
8.14728E+001   
7.98076E+001   
7.89813E+001   
7.96191E+001   
7.89058E+001   
7.84126E+001   
7.92672E+001   
8.06747E+001   
8.03134E+001   
7.90661E+001   
7.77968E+001   
7.77433E+001   
7.73600E+001   
7.55032E+001   
7.18554E+001   
6.89812E+001   
6.58924E+001   
6.26779E+001   
6.36459E+001   
6.41267E+001   
6.44724E+001   
6.74236E+001   
7.10802E+001   
6.80045E+001   
5.86770E+001   
6.26936E+001   
7.13221E+001   
7.22271E+001   
7.04549E+001   
6.90886E+001   
6.81490E+001   
6.68350E+001   
6.91069E+001   
6.92860E+001   
6.88618E+001   
7.02310E+001   
7.12679E+001   
7.22796E+001   
7.33195E+001   
7.35960E+001   
7.37091E+001   
7.46423E+001   
7.47177E+001   
7.42621E+001   
7.40485E+001   
7.38505E+001   
7.48120E+001   
7.50444E+001   
7.42841E+001   
7.44349E+001   
7.28420E+001   
6.98006E+001   
7.02028E+001   
7.25058E+001   
7.23110E+001   
6.18327E+001   
6.19710E+001   
7.28294E+001   
7.39165E+001   
7.31562E+001   
7.26032E+001   
7.28451E+001   
7.24618E+001   
7.25058E+001   
7.31530E+001   
7.33070E+001   
7.21947E+001   
6.29513E+001   
6.21438E+001   
7.01525E+001   
7.03379E+001   
7.08720E+001   
7.14438E+001   
7.16261E+001   
7.15726E+001   
7.08720E+001   
6.98949E+001   
7.01022E+001   
7.10291E+001   
7.11076E+001   
7.05578E+001   
6.88957E+001   
6.86821E+001   
6.89900E+001   
6.95367E+001   
6.98729E+001   
6.97440E+001   
6.76421E+001   
6.71331E+001   
6.89869E+001   
6.91157E+001   
6.94707E+001   
6.90780E+001   
6.76610E+001   
6.51914E+001   
6.25554E+001   
5.98848E+001   
5.54445E+001   
5.29621E+001   
5.39510E+001   
5.08061E+001   
4.66853E+001   
4.53083E+001   
4.78611E+001   
5.61872E+001   
6.09088E+001   
6.10973E+001   
5.84359E+001   
5.29152E+001   
4.84018E+001   
4.84487E+001   
4.80290E+001   
5.01536E+001   
5.35268E+001   
4.55239E+001   
4.73549E+001   
4.80950E+001   
4.77336E+001   
4.86433E+001   
4.71019E+001   
5.32041E+001   
5.69339E+001   
5.54005E+001   
5.39425E+001   
5.46338E+001   
5.13785E+001   
5.25725E+001   
5.39739E+001   
5.29779E+001   
4.60256E+001   
3.91591E+001   
3.68808E+001   
2.85297E+001   
2.04328E+001   
1.82884E+001   
1.35118E+001   
1.53653E+001   
1.98525E+001   
1.75928E+001   
1.69380E+001   
2.81703E+001   
3.44946E+001   
2.95035E+001   
2.85714E+001   
2.80261E+001   
2.15983E+001   
2.04350E+001   
2.55858E+001   
2.44502E+001   
2.41509E+001   
2.69198E+001   
2.66340E+001   
2.89247E+001   
2.77867E+001   
2.54923E+001   
2.86017E+001   
2.64494E+001   
2.58817E+001   
3.21641E+001   
3.56529E+001   
2.96356E+001   
2.89098E+001   
3.54455E+001   
3.35755E+001   
3.50781E+001   
3.83976E+001   
3.81084E+001   
3.86138E+001   
4.26433E+001   
4.85287E+001   
4.99600E+001   
5.09888E+001   
4.99632E+001   
5.01643E+001   
4.72606E+001   
4.55336E+001   
4.55210E+001   
4.42230E+001   
4.80823E+001   
4.93800E+001   
4.71113E+001   
4.82331E+001   
5.12119E+001   
5.19766E+001   
5.25076E+001   
5.42230E+001   
5.40125E+001   
5.52819E+001   
5.55049E+001   
5.56872E+001   
5.62621E+001   
5.55615E+001   
5.58914E+001   
5.62716E+001   
5.65103E+001   
5.69314E+001   
5.69314E+001   
5.68088E+001   
5.68371E+001   
5.66800E+001   
5.63878E+001   
5.63124E+001   
5.61396E+001   
5.56400E+001   
5.55112E+001   
5.49551E+001   
5.30322E+001   
5.34281E+001   
5.54044E+001   
5.53541E+001   
5.48671E+001   
5.49865E+001   
5.53164E+001   
5.51530E+001   
5.51656E+001   
5.49017E+001   
5.44964E+001   
5.44273E+001   
5.45404E+001   
5.43990E+001   
5.36072E+001   
5.37675E+001   
5.39120E+001   
5.37172E+001   
5.37957E+001   
5.39371E+001   
5.41382E+001   
5.40502E+001   
5.38397E+001   
5.37360E+001   
5.35601E+001   
5.34124E+001   
5.34564E+001   
5.33873E+001   
5.29506E+001   
5.24384E+001   
5.26835E+001   
5.30919E+001   
5.25672E+001   
5.23410E+001   
5.24667E+001   
5.23536E+001   
5.25421E+001   
5.23065E+001   
5.21211E+001   
5.22908E+001   
5.18226E+001   
5.13105E+001   
5.13985E+001   
5.16718E+001   
5.17315E+001   
5.15587E+001   
5.14393E+001   
5.13388E+001   
5.09774E+001   
5.08895E+001   
5.10811E+001   
5.09554E+001   
5.07858E+001   
4.97490E+001   
4.95290E+001   
4.96264E+001   
4.94536E+001   
4.97929E+001   
4.95290E+001   
4.96139E+001   
4.97332E+001   
4.89164E+001   
4.87278E+001   
4.84985E+001   
4.69998E+001   
4.75276E+001   
4.87938E+001   
4.83948E+001   
4.80335E+001   
4.77381E+001   
4.74742E+001   
4.82314E+001   
4.79895E+001   
4.70972E+001   
4.75590E+001   
4.73831E+001   
4.60132E+001   
4.58404E+001   
4.56896E+001   
4.57085E+001   
4.68144E+001   
4.52623E+001   
4.37605E+001   
4.50707E+001   
4.53629E+001   
4.43197E+001   
4.52969E+001   
4.38736E+001   
4.20586E+001   
4.10836E+001   
4.04238E+001   
4.18785E+001   
4.16208E+001   
4.03107E+001   
3.85393E+001   
3.87656E+001   
3.91772E+001   
3.70625E+001   
3.72919E+001   
3.65791E+001   
3.57935E+001   
3.46245E+001   
3.52718E+001   
3.40934E+001   
3.18150E+001   
3.28205E+001   
3.11664E+001   
2.99116E+001   
2.21977E+001   
2.29183E+001   
2.34032E+001   
1.16484E+001   
1.21624E+001   
1.54487E+001   
1.20734E+001   
1.12551E+001   
1.22368E+001   
7.67259E+000   
7.01541E+000   
1.45661E+001   
1.12568E+001   
7.69396E+000   
9.87172E+000   
1.07674E+001   
9.79024E+000   
1.14799E+001   
1.94764E+001   
1.97721E+001   
1.17924E+001   
3.99977E+000   
4.65467E+000   
1.17964E+001   
1.80092E+001   
1.92552E+001   
2.12229E+001   
2.22993E+001   
1.94289E+001   
1.95555E+001   
2.08939E+001   
1.60758E+001   
1.16034E+001   
1.13963E+001   
1.01154E+001   
1.50524E+001   
1.74737E+001   
1.60747E+001   
1.85433E+001   
1.63105E+001   
1.71673E+001   
1.98093E+001   
1.90024E+001   
2.32231E+001   
2.36495E+001   
2.48216E+001   
2.70145E+001   
2.42711E+001   
2.62790E+001   
2.96349E+001   
3.11982E+001   
3.29586E+001   
2.98310E+001   
2.85989E+001   
3.21103E+001   
3.34018E+001   
3.40960E+001   
3.43065E+001   
3.46050E+001   
3.51709E+001   
3.32290E+001   
3.16642E+001   
3.27514E+001   
3.65687E+001   
3.41119E+001   
3.23053E+001   
3.53626E+001   
3.59784E+001   
3.29935E+001   
2.97942E+001   
3.32855E+001   
3.33957E+001   
3.30376E+001   
3.56296E+001   
3.41374E+001   
3.08050E+001   
3.23618E+001   
3.49729E+001   
3.48912E+001   
3.64336E+001   
3.63901E+001   
3.59407E+001   
3.49631E+001   
3.45959E+001   
3.50515E+001   
3.31441E+001   
3.23555E+001   
3.32855E+001   
3.31724E+001   
3.46241E+001   
3.22393E+001   
3.17176E+001   
3.53873E+001   
3.52777E+001   
3.54344E+001   
3.35524E+001   
3.24559E+001   
3.47024E+001   
3.42971E+001   
3.30310E+001   
3.50574E+001   
3.41274E+001   
3.42468E+001   
3.55695E+001   
3.59466E+001   
3.66283E+001   
3.58837E+001   
3.59654E+001   
3.55444E+001   
3.53119E+001   
3.55695E+001   
3.58209E+001   
3.64084E+001   
3.59120E+001   
3.50982E+001   
3.57329E+001   
3.65561E+001   
3.65498E+001   
3.67603E+001   
3.65687E+001   
3.63330E+001   
3.65529E+001   
3.67760E+001   
3.67257E+001   
3.67949E+001   
3.68137E+001   
3.65498E+001   
3.63519E+001   
3.64587E+001   
3.63550E+001   
3.59874E+001   
3.60848E+001   
3.63142E+001   
3.61571E+001   
3.60031E+001   
3.59654E+001   
3.59560E+001   
3.59089E+001   
3.55978E+001   
3.51611E+001   
3.52239E+001   
3.51579E+001   
3.47306E+001   
3.47526E+001   
3.45641E+001   
3.43002E+001   
3.40394E+001   
3.32916E+001   
3.28204E+001   
3.21103E+001   
3.17427E+001   
3.11498E+001   
3.06317E+001   
3.07841E+001   
3.11382E+001   
2.79774E+001   
2.63317E+001   
3.02528E+001   
3.23051E+001   
3.23239E+001   
3.21511E+001   
3.23051E+001   
3.28392E+001   
3.30811E+001   
3.30026E+001   
3.31691E+001   
3.29775E+001   
3.26476E+001   
3.18464E+001   
3.04061E+001   
3.11281E+001   
3.26601E+001   
3.30968E+001   
3.33828E+001   
3.33356E+001   
3.27010E+001   
3.24936E+001   
3.28235E+001   
3.21134E+001   
3.19029E+001   
3.24151E+001   
3.24622E+001   
3.16453E+001   
3.11878E+001   
3.06119E+001   
3.10807E+001   
3.11790E+001   
2.94469E+001   
2.97771E+001   
2.95650E+001   
2.82630E+001   
2.68642E+001   
2.82131E+001   
2.86690E+001   
2.77681E+001   
2.86118E+001   
2.69169E+001   
2.58785E+001   
2.86413E+001   
2.75555E+001   
2.34722E+001   
2.32385E+001   
2.37841E+001   
2.60518E+001   
2.79397E+001   
2.50061E+001   
2.38165E+001   
2.35002E+001   
2.22766E+001   
2.26313E+001   
2.23978E+001   
2.28270E+001   
2.27300E+001   
2.35269E+001   
2.24707E+001   
1.82852E+001   
1.75916E+001   
1.67109E+001   
1.33508E+001   
1.27331E+001   
1.37890E+001   
1.57888E+001   
1.86254E+001   
1.80396E+001   
1.31643E+001   
1.35928E+001   
1.79765E+001   
1.41529E+001   
1.10769E+001   
1.32434E+001   
1.21531E+001   
6.76934E+000   
5.98886E+000   
7.09618E+000   
4.26121E+000   
1.88331E+000   
1.59514E+000   
1.44147E+000   
3.00005E-001   
2.59750E-001   
8.85889E-002   
1.88570E-002   
1.07985E-003   
9.61134E-003   
9.51332E-003   
2.91637E-004   
2.60436E-004   
2.66286E-004   
1.80226E-004   
4.71665E-007   
6.56552E-004   
6.62241E-004   
1.82105E-004   
2.77881E-003   
2.62275E-003   
1.11720E-005   
1.83194E-004   
1.85137E-004   
4.19745E-005   
4.85220E-003   
1.66206E-002   
1.73380E-002   
5.53966E-002   
5.36812E-002   
9.82220E-002   
1.05850E-001   
2.08625E-002   
1.20847E-002   
5.80070E-004   
5.75571E-004   
1.49166E-006   
2.22354E-004   
2.88791E-004   
5.50935E-003   
1.96945E-002   
2.05938E-002   
5.80749E-002   
8.52280E-002   
5.68679E-002   
2.45559E-002   
1.66664E-002   
1.98953E-002   
4.41358E-003   
4.48809E-005   
7.78677E-002   
1.47477E-001   
7.85950E-002   
3.48475E-003   
1.43500E-003   
2.58836E-001   
3.57933E-001   
1.05362E-001   
3.26151E-002   
1.51715E-001   
1.57514E-001   
1.50620E-001   
1.12874E-001   
1.55323E-001   
2.99497E-001   
6.66507E-001   
1.16232E+000   
6.48671E-001   
2.55977E-001   
2.12169E+000   
2.14552E+000   
9.03117E-001   
6.48986E-001   
4.47421E-001   
1.67019E+000   
2.75784E+000   
1.66956E+000   
1.76288E+000   
1.95500E+000   
3.32306E+000   
3.36728E+000   
5.92103E-001   
2.12399E+000   
6.74715E+000   
5.12082E+000   
4.65272E-001   
2.75581E+000   
3.04227E+000   
2.52198E+000   
3.61207E+000   
1.84450E+000   
2.58852E+000   
3.29130E+000   
3.32580E+000   
3.67691E+000   
2.68693E+000   
4.96452E+000   
5.76064E+000   
2.73484E+000   
2.76690E+000   
5.62326E+000   
7.23639E+000   
7.89835E+000   
4.24823E+000   
2.68254E+000   
5.74281E+000   
8.60445E+000   
1.00244E+001   
6.77809E+000   
7.03370E+000   
8.90443E+000   
1.16834E+001   
1.39240E+001   
9.90436E+000   
6.87778E+000   
8.68501E+000   
8.15565E+000   
1.07614E+001   
1.07982E+001   
4.14911E+000   
3.85266E+000   
7.81632E+000   
6.99760E+000   
3.33826E+000   
3.96041E+000   
4.44230E+000   
4.85088E+000   
9.49529E+000   
1.18100E+001   
8.56592E+000   
6.05352E+000   
8.12888E+000   
9.04832E+000   
5.45716E+000   
6.35629E+000   
9.70609E+000   
1.20458E+001   
1.08323E+001   
1.00884E+001   
9.11163E+000   
7.01158E+000   
9.29273E+000   
1.16219E+001   
1.62126E+001   
1.63924E+001   
1.30001E+001   
1.59641E+001   
1.71130E+001   
1.39918E+001   
1.38719E+001   
1.72860E+001   
1.81909E+001   
1.71422E+001   
1.92596E+001   
2.07382E+001   
1.91166E+001   
1.58415E+001   
1.33628E+001   
1.62648E+001   
2.10602E+001   
2.15623E+001   
1.75267E+001   
1.80882E+001   
2.14196E+001   
2.17106E+001   
2.05789E+001   
1.93548E+001   
1.97265E+001   
2.14350E+001   
2.12374E+001   
2.01604E+001   
2.08060E+001   
2.08371E+001   
2.13926E+001   
2.18774E+001   
2.24480E+001   
2.29937E+001   
2.22422E+001   
2.16732E+001   
2.17788E+001   
2.21256E+001   
2.25350E+001   
2.23622E+001   
2.20226E+001   
2.21379E+001   
2.26946E+001   
2.29066E+001   
2.25240E+001   
2.23565E+001   
2.26477E+001   
2.26986E+001   
2.26490E+001   
2.25183E+001   
2.22227E+001   
2.23226E+001   
2.23807E+001   
2.26066E+001   
2.26927E+001   
2.27326E+001   
2.28651E+001   
2.25199E+001   
2.23820E+001   
2.25010E+001   
2.24429E+001   
2.24636E+001   
2.25039E+001   
2.23135E+001   
2.20832E+001   
2.20537E+001   
2.20870E+001   
2.22290E+001   
2.22883E+001   
2.21055E+001   
2.21630E+001   
2.23710E+001   
2.22425E+001   
2.19811E+001   
2.19839E+001   
2.20166E+001   
2.18382E+001   
2.16713E+001   
2.14533E+001   
2.10273E+001   
2.05008E+001   
2.01695E+001   
1.99731E+001   
1.99005E+001   
1.99319E+001   
2.01455E+001   
2.01012E+001   
1.92278E+001   
1.92671E+001   
2.01695E+001   
2.06291E+001   
2.07037E+001   
2.04511E+001   
2.04882E+001   
2.08523E+001   
2.11190E+001   
2.10961E+001   
2.07873E+001   
2.02780E+001   
1.96123E+001   
1.95793E+001   
2.00632E+001   
2.06648E+001   
2.11602E+001   
2.12164E+001   
2.10565E+001   
2.05338E+001   
2.05206E+001   
2.08240E+001   
2.04210E+001   
1.98593E+001   
1.91075E+001   
1.86720E+001   
1.88885E+001   
1.93818E+001   
2.00314E+001   
1.99592E+001   
1.95376E+001   
1.93205E+001   
1.90104E+001   
1.87022E+001   
1.88904E+001   
1.94006E+001   
1.97019E+001   
1.99419E+001   
1.98219E+001   
1.94518E+001   
1.96617E+001   
2.00939E+001   
2.00980E+001   
1.96978E+001   
1.95797E+001   
1.99391E+001   
2.02319E+001   
2.02413E+001   
2.00804E+001   
2.01021E+001   
2.02136E+001   
2.02630E+001   
2.01451E+001   
1.99570E+001   
1.99435E+001   
1.98489E+001   
1.95599E+001   
1.95699E+001   
1.96318E+001   
1.94380E+001   
1.90305E+001   
1.86322E+001   
1.84949E+001   
1.83136E+001   
1.83142E+001   
1.83076E+001   
1.84757E+001   
1.87861E+001   
1.84195E+001   
1.85684E+001   
1.90651E+001   
1.86815E+001   
1.85159E+001   
1.85872E+001   
1.84845E+001   
1.86617E+001   
1.85385E+001   
1.86095E+001   
1.88690E+001   
1.87575E+001   
1.87710E+001   
1.88722E+001   
1.88131E+001   
1.88737E+001   
1.88401E+001   
1.85923E+001   
1.85398E+001   
1.86249E+001   
1.76559E+001   
1.70502E+001   
1.78452E+001   
1.80711E+001   
1.81945E+001   
1.84741E+001   
1.82709E+001   
1.79460E+001   
1.80208E+001   
1.80670E+001   
1.77497E+001   
1.76429E+001   
1.76636E+001   
1.76140E+001   
1.75848E+001   
1.70463E+001   
1.66266E+001   
1.69932E+001   
1.73133E+001   
1.71939E+001   
1.74054E+001   
1.77293E+001   
1.74365E+001   
1.74541E+001   
1.74980E+001   
1.67874E+001   
1.67560E+001   
1.74060E+001   
1.76322E+001   
1.75043E+001   
1.75405E+001   
1.72002E+001   
1.63313E+001   
1.67777E+001   
1.71763E+001   
1.65948E+001   
1.65625E+001   
1.68716E+001   
1.67934E+001   
1.68857E+001   
1.70790E+001   
1.64764E+001   
1.60385E+001   
1.50617E+001   
1.54949E+001   
1.65562E+001   
1.61911E+001   
1.65012E+001   
1.65946E+001   
1.54481E+001   
1.56866E+001   
1.61170E+001   
1.60872E+001   
1.67695E+001   
1.66683E+001   
1.64632E+001   
1.45643E+001   
1.44697E+001   
1.50922E+001   
1.33145E+001   
1.43661E+001   
1.58142E+001   
1.57466E+001   
1.50884E+001   
1.50843E+001   
1.61023E+001   
1.52159E+001   
1.29626E+001   
1.34263E+001   
1.51961E+001   
1.42363E+001   
1.19546E+001   
1.26773E+001   
1.48631E+001   
1.44446E+001   
1.43434E+001   
1.27709E+001   
1.31298E+001   
1.55273E+001   
1.40767E+001   
1.39802E+001   
1.29246E+001   
1.03129E+001   
1.27426E+001   
1.52046E+001   
1.48490E+001   
1.31200E+001   
1.31053E+001   
1.50180E+001   
1.49250E+001   
1.27932E+001   
1.13964E+001   
1.12289E+001   
1.29117E+001   
1.50884E+001   
1.46466E+001   
1.31680E+001   
1.15502E+001   
1.16580E+001   
1.33126E+001   
1.06660E+001   
8.86936E+000   
1.19550E+001   
1.27973E+001   
1.15101E+001   
1.04574E+001   
1.17459E+001   
1.28331E+001   
1.18521E+001   
9.74598E+000   
9.16521E+000   
8.84764E+000   
9.27672E+000   
8.63891E+000   
7.49120E+000   
1.00501E+001   
8.22424E+000   
8.51667E+000   
1.10030E+001   
6.70565E+000   
4.21784E+000   
5.47807E+000   
6.40102E+000   
8.29012E+000   
1.07517E+001   
8.68763E+000   
5.54471E+000   
4.77823E+000   
3.57781E+000   
3.74764E+000   
4.33945E+000   
3.95347E+000   
4.48498E+000   
5.77301E+000   
5.29261E+000   
2.36527E+000   
2.34978E-001   
2.72901E-001   
9.65480E-001   
2.23848E+000   
2.57234E+000   
1.24818E+000   
4.69850E-001   
1.40788E+000   
1.73465E+000   
9.08866E-001   
3.47014E-001   
1.21759E-001   
1.99420E-001   
7.22194E-001   
5.39552E-001   
3.30704E-002   
2.58168E-001   
2.56499E-001   
8.31619E-002   
5.63301E-002   
3.15819E-005   
1.03816E-003   
2.12672E-001   
3.78720E-001   
1.81195E-001   
1.18533E-002   
3.92641E-003   
3.79113E-003   
1.41613E-004   
1.45793E-004   
1.37742E-004   
3.91042E-004   
2.14588E-003   
2.15561E-003   
2.96603E-004   
9.62251E-009   
8.44410E-009   
6.10400E-006   
9.54489E-006   
3.72617E-006   
1.14337E-007   
3.42537E-006   
3.82363E-005   
2.55246E-003   
4.75887E-003   
2.35827E-003   
2.92296E-006   
0.00000E+000   
2.36105E-005   
2.47588E-005   
2.42572E-003   
2.75814E-003   
3.24605E-004   
3.90487E-007   
2.31474E-004   
2.44768E-004   
3.04063E-005   
3.12878E-004   
3.13657E-004   
1.58458E-006   
2.10530E-003   
4.12061E-003   
2.68378E-003   
5.58928E-004   
2.29680E-003   
5.33818E-003   
3.34300E-003   
5.57984E-007   
4.36300E-008   
1.13158E-008   
0.00000E+000   
4.42378E-009   
4.75206E-009   
1.06842E-007   
1.29615E-007   
7.09321E-008   
6.52192E-006   
3.97947E-003   
1.36720E-002   
1.62601E-002   
6.63301E-003   
2.77488E-002   
3.05481E-002   
3.72306E-003   
1.70518E-003   
6.30133E-003   
3.30082E-002   
8.74669E-002   
6.56722E-002   
5.89863E-003   
3.88871E-004   
3.00028E-004   
9.50406E-005   
5.05955E-003   
4.93638E-002   
5.49850E-002   
1.30358E-002   
1.84321E-003   
2.54487E-006   
5.96344E-007   
3.52101E-004   
4.70677E-004   
1.73504E-004   
1.40628E-004   
9.78634E-005   
0.00000E+000   
1.27015E-003   
6.22557E-003   
9.04159E-003   
4.88503E-003   
8.17645E-004   
6.83550E-005   
6.53707E-005   
1.80596E-005   
2.55392E-003   
2.53634E-003   
4.65776E-002   
1.10725E-001   
6.82438E-002   
1.74227E-003   
4.59042E-003   
5.76315E-002   
8.09371E-002   
3.09878E-002   
1.93213E-001   
2.09952E-001   
2.60964E-002   
6.74036E-003   
5.44760E-002   
5.22088E-002   
3.15467E-003   
1.45714E-001   
1.97987E-001   
2.39432E-001   
6.87660E-001   
5.52695E-001   
1.63239E-001   
1.56824E-001   
4.15074E-002   
1.50066E-001   
2.07556E-001   
1.20309E+000   
1.75339E+000   
7.24611E-001   
4.22565E-001   
1.19196E+000   
1.19715E+000   
5.46774E-001   
7.76291E-001   
1.00063E+000   
2.33893E+000   
2.67609E+000   
1.28607E+000   
1.09080E+000   
1.07417E+000   
8.43008E-001   
7.52296E-001   
8.51770E-001   
9.95174E-001   
2.44300E+000   
3.01874E+000   
2.19940E+000   
1.66430E+000   
1.89075E+000   
2.72919E+000   
3.53009E+000   
4.31093E+000   
4.23688E+000   
4.91762E+000   
6.00039E+000   
4.32000E+000   
3.56919E+000   
5.02221E+000   
4.67735E+000   
4.92202E+000   
6.40699E+000   
6.86952E+000   
7.20857E+000   
6.43124E+000   
4.45677E+000   
6.14523E+000   
7.96034E+000   
7.93049E+000   
8.60097E+000   
8.01312E+000   
6.88184E+000   
6.00661E+000   
7.17966E+000   
7.61172E+000   
5.21504E+000   
6.51102E+000   
8.95821E+000   
8.51959E+000   
7.19317E+000   
6.60369E+000   
6.49151E+000   
5.85651E+000   
4.80571E+000   
4.19518E+000   
3.89863E+000   
2.74131E+000   
1.70340E+000   
1.85829E+000   
1.94181E+000   
1.36482E+000   
1.67063E+000   
2.64245E+000   
3.81825E+000   
4.51771E+000   
3.97233E+000   
3.26734E+000   
3.07613E+000   
2.75565E+000   
2.47834E+000   
2.67782E+000   
2.92711E+000   
2.96551E+000   
3.12974E+000   
3.48821E+000   
3.93877E+000   
4.65174E+000   
5.45247E+000   
5.25610E+000   
5.55175E+000   
6.67467E+000   
7.39134E+000   
7.38882E+000   
6.48492E+000   
7.00551E+000   
7.79900E+000   
8.00132E+000   
8.54325E+000   
7.99552E+000   
8.00495E+000   
8.67268E+000   
8.78986E+000   
8.74305E+000   
8.24499E+000   
7.98453E+000   
7.40987E+000   
7.59022E+000   
8.37758E+000   
8.07533E+000   
7.76648E+000   
7.99175E+000   
8.38711E+000   
7.95608E+000   
7.06961E+000   
6.77992E+000   
6.01487E+000   
5.62810E+000   
5.73147E+000   
5.00304E+000   
4.97445E+000   
5.16696E+000   
4.70249E+000   
4.94352E+000   
5.72513E+000   
6.42616E+000   
6.77050E+000   
6.61626E+000   
6.11822E+000   
5.40242E+000   
5.62615E+000   
5.48538E+000   
5.36754E+000   
5.55953E+000   
5.70439E+000   
6.18610E+000   
6.09876E+000   
5.79053E+000   
6.20118E+000   
6.81103E+000   
6.95870E+000   
6.94393E+000   
7.06081E+000   
7.04353E+000   
7.25561E+000   
7.94320E+000   
8.18448E+000   
8.06950E+000   
7.84927E+000   
7.73586E+000   
7.42495E+000   
7.43155E+000   
7.80654E+000   
7.95137E+000   
7.99378E+000   
7.93143E+000   
7.90912E+000   
8.01200E+000   
7.97996E+000   
7.59336E+000   
7.66405E+000   
8.07295E+000   
8.17851E+000   
8.18856E+000   
7.50256E+000   
7.48277E+000   
7.97290E+000   
7.38788E+000   
7.55095E+000   
8.20050E+000   
8.19359E+000   
8.16469E+000   
8.16814E+000   
8.19453E+000   
8.18888E+000   
7.95374E+000   
7.90535E+000   
7.87425E+000   
7.67631E+000   
7.90441E+000   
8.13484E+000   
8.04625E+000   
7.93252E+000   
7.92938E+000   
7.48151E+000   
7.37217E+000   
7.65431E+000   
7.75674E+000   
7.99473E+000   
7.99504E+000   
7.52518E+000   
7.47805E+000   
7.91147E+000   
7.41270E+000   
7.38391E+000   
7.94477E+000   
7.97902E+000   
7.98404E+000   
7.97933E+000   
7.96111E+000   
7.94132E+000   
7.72312E+000   
7.60216E+000   
7.78707E+000   
7.87534E+000   
7.83670E+000   
7.84330E+000   
7.86718E+000   
7.84644E+000   
7.81848E+000   
7.76382E+000   
7.71481E+000   
7.71450E+000   
7.72109E+000   
7.66329E+000   
7.60265E+000   
7.53429E+000   
7.05829E+000   
6.75573E+000   
7.03504E+000   
7.19497E+000   
7.34609E+000   
7.53888E+000   
7.54893E+000   
7.34327E+000   
7.14375E+000   
7.25843E+000   
7.33436E+000   
7.22450E+000   
6.44784E+000   
6.40573E+000   
6.92030E+000   
6.64007E+000   
6.67938E+000   
6.54868E+000   
6.73751E+000   
7.27279E+000   
7.34504E+000   
7.24828E+000   
7.12804E+000   
6.86538E+000   
6.88266E+000   
6.85973E+000   
6.90403E+000   
7.06741E+000   
6.78243E+000   
6.99326E+000   
7.28598E+000   
7.13873E+000   
6.42741E+000   
5.84045E+000   
6.28287E+000   
6.97503E+000   
6.74253E+000   
6.43620E+000   
6.81857E+000   
6.80034E+000   
6.89334E+000   
7.20619E+000   
7.19708E+000   
6.66021E+000   
6.52857E+000   
6.82328E+000   
6.83019E+000   
6.26088E+000   
5.92155E+000   
6.21658E+000   
6.43777E+000   
6.71331E+000   
6.75636E+000   
6.46385E+000   
6.16034E+000   
6.29795E+000   
6.41232E+000   
6.63445E+000   
6.86789E+000   
6.80474E+000   
6.83522E+000   
6.94958E+000   
6.93984E+000   
6.72714E+000   
6.35168E+000   
6.32435E+000   
6.63885E+000   
6.79092E+000   
6.78778E+000   
6.80411E+000   
6.69446E+000   
6.66053E+000   
6.73279E+000   
6.73185E+000   
6.52511E+000   
6.40509E+000   
6.53360E+000   
6.64042E+000   
6.72682E+000   
6.71017E+000   
6.57350E+000   
6.47893E+000   
6.52511E+000   
6.60335E+000   
6.58449E+000   
6.43243E+000   
6.40164E+000   
6.45096E+000   
6.45882E+000   
6.45253E+000   
6.41232E+000   
6.44248E+000   
6.43902E+000   
6.35639E+000   
6.41860E+000   
6.28130E+000   
6.08148E+000   
6.27093E+000   
6.40069E+000   
6.31335E+000   
6.33566E+000   
6.34602E+000   
6.23731E+000   
6.09593E+000   
6.01769E+000   
6.02115E+000   
6.05980E+000   
6.16065E+000   
6.25365E+000   
6.15091E+000   
5.88982E+000   
5.79022E+000   
5.91275E+000   
5.89422E+000   
5.96931E+000   
6.23009E+000   
6.17385E+000   
5.81096E+000   
5.81441E+000   
5.99287E+000   
6.01267E+000   
5.94386E+000   
5.94952E+000   
6.09404E+000   
5.65795E+000   
5.51687E+000   
5.84740E+000   
6.00199E+000   
6.14054E+000   
5.93538E+000   
5.68182E+000   
5.58631E+000   
5.51090E+000   
5.58034E+000   
5.65983E+000   
5.84143E+000   
5.99821E+000   
5.98942E+000   
5.63375E+000   
5.42293E+000   
5.70759E+000   
5.70099E+000   
5.61239E+000   
5.56337E+000   
5.40754E+000   
5.43361E+000   
5.65166E+000   
5.47729E+000   
5.26175E+000   
5.31139E+000   
5.39434E+000   
5.51845E+000   
5.46252E+000   
5.27432E+000   
5.35067E+000   
5.53730E+000   
5.41099E+000   
5.53101E+000   
5.56149E+000   
5.56400E+000   
5.68151E+000   
5.67397E+000   
5.80279E+000   
5.77545E+000   
5.60768E+000   
4.83822E+000   
4.12595E+000   
4.33897E+000   
4.87561E+000   
5.24290E+000   
4.94316E+000   
4.44171E+000   
4.16617E+000   
4.67107E+000   
5.25233E+000   
5.30637E+000   
5.43990E+000   
5.04810E+000   
5.03114E+000   
5.28092E+000   
4.95730E+000   
5.04245E+000   
5.30228E+000   
5.24950E+000   
4.90986E+000   
4.97458E+000   
5.30040E+000   
4.78355E+000   
4.38327E+000   
4.14302E+000   
3.67294E+000   
4.17339E+000   
4.90766E+000   
4.86399E+000   
4.51241E+000   
4.58499E+000   
4.45648E+000   
4.38830E+000   
4.47484E+000   
4.01262E+000   
3.53186E+000   
2.93842E+000   
3.40962E+000   
4.52089E+000   
4.62049E+000   
4.25488E+000   
4.34180E+000   
3.89070E+000   
4.02361E+000   
4.96264E+000   
4.90577E+000   
4.85676E+000   
4.42959E+000   
3.80334E+000   
4.46981E+000   
5.00192E+000   
4.17947E+000   
3.67514E+000   
3.78669E+000   
3.00783E+000   
1.96188E+000   
2.65101E+000   
3.88347E+000   
4.35920E+000   
4.64797E+000   
3.76030E+000   
3.09241E+000   
3.10441E+000   
3.39113E+000   
3.82471E+000   
4.08614E+000   
4.15653E+000   
2.56711E+000   
2.09581E+000   
3.09279E+000   
3.06429E+000   
3.31883E+000   
3.29338E+000   
3.54572E+000   
4.14805E+000   
2.94309E+000   
2.86644E+000   
4.12259E+000   
3.96328E+000   
3.97868E+000   
3.62429E+000   
2.63691E+000   
3.34022E+000   
4.31396E+000   
3.78556E+000   
1.24356E+000   
9.34492E-002   
4.34653E-007   
2.66274E-002   
1.94135E-001   
3.25660E-001   
4.47245E-001   
4.33542E-001   
4.93936E-001   
7.75712E-001   
9.55989E-001   
9.42981E-001   
8.63608E-001   
7.89483E-001   
7.31666E-001   
6.35294E-001   
4.48561E-001   
2.24839E-001   
8.93290E-003   
1.03255E-002   
7.39145E-002   
1.70166E-001   
2.09842E-001   
1.63810E-001   
1.21128E-001   
9.55805E-002   
5.15756E-002   
1.45777E-002   
4.58570E-003   
8.41163E-004   
7.73605E-005   
2.47357E-006   
6.34399E-012   
0.00000E+000   
0.00000E+000   
0.00000E+000   
6.42648E-018   
5.38607E-013   
5.66498E-013   
3.18825E-014   
0.00000E+000   
0.00000E+000   
0.00000E+000   
1.57177E-012   
6.44495E-012   
5.13182E-009   
2.30113E-008   
1.71683E-006   
6.42846E-005   
5.37899E-004   
9.95829E-004   
1.88950E-003   
3.42038E-003   
4.85934E-003   
9.35523E-003   
1.67258E-002   
2.36137E-002   
2.79690E-002   
2.82769E-002   
2.94343E-002   
2.80369E-002   
2.74863E-002   
2.69773E-002   
2.62327E-002   
2.57730E-002   
2.51875E-002   
2.43597E-002   
2.34328E-002   
2.02324E-002   
1.23232E-002   
7.17562E-003   
6.24543E-003   
6.58237E-003   
7.37779E-003   
1.07155E-002   
1.46103E-002   
1.66521E-002   
1.62301E-002   
1.55597E-002   
1.50587E-002   
1.43584E-002   
1.38586E-002   
1.35141E-002   
1.27793E-002   
1.19025E-002   
1.17673E-002   
1.13455E-002   
1.07283E-002   
1.00041E-002   
9.70849E-003   
9.51684E-003   
8.77615E-003   
8.09365E-003   
7.41796E-003   
8.12291E-003   
7.47856E-003   
7.49855E-003   
6.78937E-003   
6.39081E-003   
5.32354E-003   
4.25204E-003   
4.44477E-003   
4.81187E-003   
4.47820E-003   
4.28451E-003   
4.19806E-003   
3.72112E-003   
2.76224E-003   
1.77257E-003   
1.14754E-003   
7.29708E-004   
4.25794E-004   
5.56587E-004   
4.00682E-004   
2.39903E-004   
6.67308E-005   
3.38975E-005   
6.95131E-006   
1.12008E-007   
1.33961E-009   
0.00000E+000   
0.00000E+000   
0.00000E+000   
0.00000E+000   
0.00000E+000   
0.00000E+000   
1.96514E-005   
4.50652E-005   
6.33582E-005   
2.76842E-005   
5.83846E-006   
1.09377E-006   
1.45685E-007   
1.51244E-008   
6.82570E-009   
2.47208E-009   
2.17509E-012   
1.59736E-014   
2.61292E-016   
0.00000E+000   
0.00000E+000   
0.00000E+000   
0.00000E+000   
0.00000E+000   
0.00000E+000   
0.00000E+000   
0.00000E+000   
0.00000E+000   
0.00000E+000   
0.00000E+000   
0.00000E+000   
0.00000E+000   
0.00000E+000   
0.00000E+000   
0.00000E+000   
0.00000E+000   
0.00000E+000   
0.00000E+000   
0.00000E+000   
0.00000E+000   
0.00000E+000   
