96
213.01041667 15.115376602565277 15.354818589743807 838.8325320512818 0.8409011217947242 0 333.5154647435999
213.03125000 14.33165865384615 15.43489783653859 839 0.8649629807691884 0 344.06658653847154
213.05208333 14.130382775119575 15.387642424242404 838.1682615629983 0.38853564593291734 0 361.3068580542294
213.07291667 14.572868589743443 15.649913060897351 838 0.7859608974357477 0 363.10096153846183
213.09375000 15.287259615384972 16.08259471153868 838 0.302724278845817 0 338.6266826922936
213.11458333 15.152161084529451 15.878102232854806 838 0.2418115629984166 0 321.24074960127325
213.13541667 14.200865384615659 15.253646634615558 838 0.6799056891024339 0 312.95552884615563
213.15625000 13.461129807691984 14.830853605769052 838 0.8174329326923376 0 311.2995192307689
213.17708333 12.692926634768602 14.392639314194499 838 0.7596637958532553 0 312.94665071770373
213.19791667 12.118758012820647 14.095196233974427 838 0.43444975961547966 0 309.0540865384628
213.21875000 11.704687499999812 13.752747115384443 838 0.34318918269229115 0 310.4521634615397
213.23958333 11.798030303030336 13.837390749601306 838 0.8372916267943633 0 306.49178628389063
213.26041667 11.330480769230922 13.417015945512958 838 0.5610964743590895 0.16650641025635948 306.0995192307691
213.28125000 11.363461538461616 13.445213942307761 838 0.6696271634616453 31.213125000017953 307.36778846153913
213.30208333 12.679194577352742 14.610527352472328 838 0.5977581339712691 110.92231259969645 312.5072567783104
213.32291667 14.863149038460952 15.972661298076577 838.8325320512818 0.14371586538474718 165.5950320512699 309.08758012820647
213.34375000 17.260264423078088 16.974443750000447 839 0.1136879807692637 282.7882211539094 311.8701923076944
213.36458333 19.448237639553803 17.69622783094111 839 0.18372073365232494 389.6700159489812 316.6755183413087
213.38541667 19.984831730769177 17.51421907051291 839 0.148811698717963 491.73501602561515 321.74591346153716
213.40625000 21.471394230770073 17.54458653846159 839 0.4449435096155615 591.5461538462017 325.76971153846335
213.42708333 22.932751196172497 17.20684864433804 839 0.5614264752791186 675.7866826156442 329.9764752791076
213.44791667 23.98588141025616 16.83860184294881 839 0.694083173076886 756.7685897435692 332.7813301282045
213.46875000 24.892379807692738 15.684448557691674 839 0.8442875000000728 815.0930288461798 337.287259615387
213.48958333 26.312559808612708 15.712162838915521 839 0.5628875598085481 869.7456140350973 339.09808612440213
213.51041667 26.594975961538456 14.579188221154208 839 0.44403806089745324 918.1290064102445 339.96602564102545
213.53125000 26.79185096153857 14.286330528846122 839 0.6094365384616408 950.1899038461678 341.43461538461617
213.55208333 27.329043062201062 14.821935326953861 839 0.5961096491227968 960.8221690590124 343.52982456140387
213.57291667 27.08866185897446 15.112909695512766 838.1674679487182 0.6990248397435553 957.0048076923092 345.6483173076918
213.59375000 27.320288461538635 14.43042620192266 838 0.954840625000135 943.4879807692236 344.3317307692298
213.61458333 27.937264752791187 13.569709728867473 838 0.5152984051035663 913.5526315789416 345.16443381180244
213.63541667 28.441290064102443 13.75010328525631 838 0.676833253205049 858.0480769230921 348.4803685897427
213.65625000 29.187307692308078 13.054535576922635 837.1658653846149 0.6838064903845891 796.3670673076624 351.6024038461553
213.67708333 29.67764752791076 12.911267862838917 837 0.377287161084467 727.3792663476751 352.18317384370016
213.69791667 30.166266025640898 11.713804086538827 837 0.36263950320511434 643.4027243589964 351.53397435897455
213.71875000 30.15824519230764 10.89879879807659 837 0.592011538461666 551.3254807691858 351.9004807692311
213.73958333 31.18799043062223 11.78162169059032 837 0.28330925039865007 443.2443381180029 353.66347687400355
213.76041667 32.29080929487152 14.320383974358261 837 0.2789355769230565 339.16546474361576 355.7483173076918
213.78125000 31.11036057692229 15.161356250000214 837 0.36255072115388676 239.25384615379826 354.6819711538453
213.80208333 29.64229665071745 16.44702607655528 837 0.38340342902711466 146.52958532693773 353.7346092503986
213.82291667 27.401923076923687 16.214826121795017 837 0.5521389423076413 64.51408653848185 353.0172275641027
213.84375000 24.564326923075512 17.32846201923147 837 0.7962521634616603 12.54961538459306 350.3141826923062
213.86458333 21.867575757575295 18.653004704944404 837 1.2096375598086904 0.8211164274313649 364.2722488038308
213.88541667 20.237804487179847 18.201362419872 837 1.186561217948748 0 350.7991185897486
213.90625000 20.76740384615429 16.15589807692197 837.8341346153851 1.1675507211538465 0 358.92764423077585
213.92708333 20.437591706538974 14.993833173843536 838 1.36515470494422 0 375.6722488038308
213.94791667 20.190144230769278 15.219896794871678 838 1.262320753205172 0 380.0985576923072
213.96875000 19.601129807691983 14.9803122596152 838 0.4729526442303289 0 355.87644230767813
213.98958333 19.057496012759078 15.873383333333534 838 0.35122671451356285 0 364.2246411483281
214.01041667 15.115376602565277 15.354818589743807 838.8325320512818 0.8409011217947242 0 333.5154647435999
214.03125000 14.33165865384615 15.43489783653859 839 0.8649629807691884 0 344.06658653847154
214.05208333 14.130382775119575 15.387642424242404 838.1682615629983 0.38853564593291734 0 361.3068580542294
214.07291667 14.572868589743443 15.649913060897351 838 0.7859608974357477 0 363.10096153846183
214.09375000 15.287259615384972 16.08259471153868 838 0.302724278845817 0 338.6266826922936
214.11458333 15.152161084529451 15.878102232854806 838 0.2418115629984166 0 321.24074960127325
214.13541667 14.200865384615659 15.253646634615558 838 0.6799056891024339 0 312.95552884615563
214.15625000 13.461129807691984 14.830853605769052 838 0.8174329326923376 0 311.2995192307689
214.17708333 12.692926634768602 14.392639314194499 838 0.7596637958532553 0 312.94665071770373
214.19791667 12.118758012820647 14.095196233974427 838 0.43444975961547966 0 309.0540865384628
214.21875000 11.704687499999812 13.752747115384443 838 0.34318918269229115 0 310.4521634615397
214.23958333 11.798030303030336 13.837390749601306 838 0.8372916267943633 0 306.49178628389063
214.26041667 11.330480769230922 13.417015945512958 838 0.5610964743590895 0.16650641025635948 306.0995192307691
214.28125000 11.363461538461616 13.445213942307761 838 0.6696271634616453 31.213125000017953 307.36778846153913
214.30208333 12.679194577352742 14.610527352472328 838 0.5977581339712691 110.92231259969645 312.5072567783104
214.32291667 14.863149038460952 15.972661298076577 838.8325320512818 0.14371586538474718 165.5950320512699 309.08758012820647
214.34375000 17.260264423078088 16.974443750000447 839 0.1136879807692637 282.7882211539094 311.8701923076944
214.36458333 19.448237639553803 17.69622783094111 839 0.18372073365232494 389.6700159489812 316.6755183413087
214.38541667 19.984831730769177 17.51421907051291 839 0.148811698717963 491.73501602561515 321.74591346153716
214.40625000 21.471394230770073 17.54458653846159 839 0.4449435096155615 591.5461538462017 325.76971153846335
214.42708333 22.932751196172497 17.20684864433804 839 0.5614264752791186 675.7866826156442 329.9764752791076
214.44791667 23.98588141025616 16.83860184294881 839 0.694083173076886 756.7685897435692 332.7813301282045
214.46875000 24.892379807692738 15.684448557691674 839 0.8442875000000728 815.0930288461798 337.287259615387
214.48958333 26.312559808612708 15.712162838915521 839 0.5628875598085481 869.7456140350973 339.09808612440213
214.51041667 26.594975961538456 14.579188221154208 839 0.44403806089745324 918.1290064102445 339.96602564102545
214.53125000 26.79185096153857 14.286330528846122 839 0.6094365384616408 950.1899038461678 341.43461538461617
214.55208333 27.329043062201062 14.821935326953861 839 0.5961096491227968 960.8221690590124 343.52982456140387
214.57291667 27.08866185897446 15.112909695512766 838.1674679487182 0.6990248397435553 957.0048076923092 345.6483173076918
214.59375000 27.320288461538635 14.43042620192266 838 0.954840625000135 943.4879807692236 344.3317307692298
214.61458333 27.937264752791187 13.569709728867473 838 0.5152984051035663 913.5526315789416 345.16443381180244
214.63541667 28.441290064102443 13.75010328525631 838 0.676833253205049 858.0480769230921 348.4803685897427
214.65625000 29.187307692308078 13.054535576922635 837.1658653846149 0.6838064903845891 796.3670673076624 351.6024038461553
214.67708333 29.67764752791076 12.911267862838917 837 0.377287161084467 727.3792663476751 352.18317384370016
214.69791667 30.166266025640898 11.713804086538827 837 0.36263950320511434 643.4027243589964 351.53397435897455
214.71875000 30.15824519230764 10.89879879807659 837 0.592011538461666 551.3254807691858 351.9004807692311
214.73958333 31.18799043062223 11.78162169059032 837 0.28330925039865007 443.2443381180029 353.66347687400355
214.76041667 32.29080929487152 14.320383974358261 837 0.2789355769230565 339.16546474361576 355.7483173076918
214.78125000 31.11036057692229 15.161356250000214 837 0.36255072115388676 239.25384615379826 354.6819711538453
214.80208333 29.64229665071745 16.44702607655528 837 0.38340342902711466 146.52958532693773 353.7346092503986
214.82291667 27.401923076923687 16.214826121795017 837 0.5521389423076413 64.51408653848185 353.0172275641027
214.84375000 24.564326923075512 17.32846201923147 837 0.7962521634616603 12.54961538459306 350.3141826923062
214.86458333 21.867575757575295 18.653004704944404 837 1.2096375598086904 0.8211164274313649 364.2722488038308
214.88541667 20.237804487179847 18.201362419872 837 1.186561217948748 0 350.7991185897486
214.90625000 20.76740384615429 16.15589807692197 837.8341346153851 1.1675507211538465 0 358.92764423077585
214.92708333 20.437591706538974 14.993833173843536 838 1.36515470494422 0 375.6722488038308
214.94791667 20.190144230769278 15.219896794871678 838 1.262320753205172 0 380.0985576923072
214.96875000 19.601129807691983 14.9803122596152 838 0.4729526442303289 0 355.87644230767813
214.98958333 19.057496012759078 15.873383333333534 838 0.35122671451356285 0 364.2246411483281
