7.263 5.323 0 1 83.2145
7.503 7.303 0 1 203.623
11.373 23.643 0 1 318.809
9.563 22.833 0 1 336.884
9.243 20.023 0 1 65.429
16.493 7.323 0 1 94.0582
10.433 33.913 0 1 232.242
12.893 33.453 0 1 4.39492
14.283 37.703 0 1 126.774
5.653 36.833 0 1 302.861
3.613 36.893 0 1 51.7523
6.853 41.363 0 1 177.426
10.223 48.963 0 1 352.296
25.103 40.593 0 1 254.72
17.163 48.913 0 1 200.768
10.143 52.313 0 1 297.915
10.213 54.983 0 1 0.9362
3.923 67.933 0 1 190.588
10.053 62.983 0 1 107.897
9.273 58.833 0 1 166.889
18.013 70.453 0 1 179.85
6.433 74.893 0 1 252.823
3.373 75.973 0 1 337.076
12.783 84.773 0 1 330.173
6.283 102.073 0 1 204.812
7.043 101.783 0 1 88.012
8.503 99.943 0 1 93.264
8.183 91.863 0 1 282.98
15.913 97.763 0 1 126.67
24.553 101.303 0 1 42.7529
20.723 96.443 0 1 45.1325
21.543 12.113 0 1 23.7707
24.933 13.393 0 1 316.756
28.153 14.633 0 1 51.069
32.703 9.723 0 1 195.06
44.283 6.403 0 1 226.82
45.163 5.963 0 1 177.212
47.213 20.403 0 1 293.347
38.633 21.903 0 1 305.783
34.423 30.263 0 1 87.3165
34.233 38.713 0 1 119.985
54.743 38.793 0 1 27.6538
35.523 52.673 0 1 221.979
27.923 62.343 0 1 38.0822
40.723 54.953 0 1 182.207
52.083 54.573 0 1 191.789
44.253 59.563 0 1 101.564
43.523 62.923 0 1 43.6113
38.183 72.183 0 1 120.265
34.643 66.553 0 1 256.458
30.713 69.573 0 1 109.109
33.343 73.703 0 1 198.46
29.463 81.963 0 1 253.982
42.033 81.253 0 1 317.942
41.513 78.683 0 1 273.964
49.133 92.203 0 1 257.794
41.293 85.193 0 1 239.272
44.363 91.043 0 1 330.284
45.003 91.883 0 1 338.307
37.133 86.293 0 1 38.2697
31.393 96.563 0 1 198.258
28.433 94.063 0 1 301.396
24.483 89.073 0 1 93.6328
24.153 93.443 0 1 15.9047
24.073 96.073 0 1 293.796
26.793 93.753 0 1 156.395
47.753 100.593 0 1 189.887
50.233 98.253 0 1 305.4
51.053 102.483 0 1 150.343
62.113 7.353 0 1 238.447
62.013 4.673 0 1 247.047
62.903 3.823 0 1 168.633
65.133 6.743 0 1 319.118
64.863 10.463 0 1 117.5
73.483 15.143 0 1 346.94
72.703 19.873 0 1 312.274
68.423 16.423 0 1 142.213
62.823 16.283 0 1 79.9826
54.293 30.513 0 1 137.427
55.343 30.253 0 1 135.119
65.203 24.243 0 1 328.345
73.043 23.743 0 1 147.247
74.053 22.583 0 1 216.649
80.673 27.583 0 1 333.701
81.373 32.143 0 1 296.045
76.723 31.953 0 1 154.278
74.863 35.943 0 1 308.15
69.013 34.373 0 1 38.2428
59.583 35.873 0 1 354.48
54.213 47.963 0 1 86.1404
60.983 45.113 0 1 63.2664
59.993 43.373 0 1 288.837
61.203 42.993 0 1 105.137
65.353 40.313 0 1 190.791
68.983 42.013 0 1 280.034
81.443 39.313 0 1 103.572
82.973 30.793 0 1 26.1725
75.033 54.133 0 1 130.047
54.383 54.743 0 1 32.0794
53.433 58.253 0 1 237.671
61.603 68.183 0 1 156.665
72.903 66.533 0 1 340.522
77.443 64.173 0 1 211.809
84.703 67.443 0 1 274.401
81.563 72.363 0 1 76.7364
80.613 74.673 0 1 68.4618
70.893 73.423 0 1 308.409
72.863 83.143 0 1 66.1195
75.013 79.233 0 1 25.1923
76.073 78.363 0 1 62.7137
81.433 79.213 0 1 179.835
80.793 77.893 0 1 104.891
68.553 72.193 0 1 14.7569
68.543 74.353 0 1 31.4045
60.323 70.763 0 1 181.349
60.143 72.313 0 1 302.604
57.313 74.523 0 1 164.98
59.643 85.503 0 1 263.802
64.713 86.933 0 1 324.806
66.433 92.933 0 1 45.9097
83.523 95.493 0 1 10.3588
83.863 94.563 0 1 69.6145
65.393 100.623 0 1 213.763
66.303 96.613 0 1 101.616
95.453 4.693 0 1 205.515
93.213 19.813 0 1 185.238
96.793 23.203 0 1 311.897
92.803 21.893 0 1 292.568
97.953 42.583 0 1 164.94
93.263 34.373 0 1 311.71
85.413 40.633 0 1 177.225
87.273 39.873 0 1 266.876
87.423 47.413 0 1 327.327
85.653 44.323 0 1 330.816
94.403 46.323 0 1 130.129
100.013 47.283 0 1 314.477
88.113 53.993 0 1 345.404
86.793 54.823 0 1 148.283
85.103 71.083 0 1 299.897
85.103 72.763 0 1 220.416
98.923 70.863 0 1 152.427
93.863 71.103 0 1 198.1
89.993 71.013 0 1 61.9124
97.733 81.113 0 1 206.418
91.443 84.773 0 1 123.479
86.643 90.743 0 1 23.61
98.283 88.543 0 1 224.107
101.063 89.073 0 1 79.4868
93.063 99.033 0 1 35.4328
