5.573 21.043 0 1 345.686
16.443 9.813 0 1 290.972
20.313 31.563 0 1 295.392
16.883 26.443 0 1 176.667
12.783 31.813 0 1 169.438
17.893 34.013 0 1 48.2644
21.973 39.243 0 1 202.486
10.983 37.203 0 1 49.4678
26.713 38.003 0 1 347.136
12.453 82.233 0 1 323.433
3.123 102.933 0 1 271.549
21.683 4.233 0 1 159.304
27.013 13.543 0 1 164.741
29.223 20.273 0 1 124.828
33.463 15.573 0 1 48.8675
45.353 11.873 0 1 184.461
49.493 4.843 0 1 253.192
47.783 16.393 0 1 84.5026
35.073 39.503 0 1 40.2299
39.053 31.143 0 1 28.4323
47.283 34.043 0 1 233.664
47.363 49.613 0 1 67.79
25.823 53.693 0 1 204.916
42.513 73.323 0 1 82.1982
44.113 78.083 0 1 189.701
52.663 72.443 0 1 15.0185
51.403 78.073 0 1 9.35878
38.013 99.693 0 1 176.102
57.103 6.063 0 1 62.2063
74.243 17.993 0 1 62.3451
67.073 12.593 0 1 221.865
57.803 17.583 0 1 245.13
73.053 30.013 0 1 195.408
58.263 37.443 0 1 172.843
63.043 38.783 0 1 191.641
77.503 47.183 0 1 62.1384
91.793 7.433 0 1 21.3776
101.483 25.313 0 1 350.43
98.803 95.943 0 1 231.8
96.533 99.023 0 1 257.508
