4.013 15.023 0 1 213.061
9.983 24.813 0 1 327.269
7.753 15.433 0 1 325.246
19.643 26.533 0 1 147.835
20.723 27.403 0 1 296.506
16.863 35.083 0 1 41.5364
7.463 48.773 0 1 170.691
9.923 48.453 0 1 49.8356
16.743 44.643 0 1 200.788
3.663 63.663 0 1 327.697
6.363 67.963 0 1 14.7397
17.873 66.263 0 1 32.256
9.253 78.013 0 1 48.4663
12.613 77.553 0 1 97.9056
22.713 75.003 0 1 346.173
13.483 85.883 0 1 107.172
9.043 87.173 0 1 114.774
13.563 103.203 0 1 171.874
14.143 101.823 0 1 128.872
49.653 19.483 0 1 65.9059
30.233 28.253 0 1 147.824
41.283 36.763 0 1 214.741
48.173 37.393 0 1 174.219
52.233 40.553 0 1 126.777
51.903 43.563 0 1 276.66
32.103 46.423 0 1 125.291
27.833 58.693 0 1 329.982
28.843 56.163 0 1 283.585
23.913 64.143 0 1 73.6145
41.033 57.173 0 1 176.103
50.983 56.043 0 1 153.297
44.433 67.763 0 1 149.402
43.193 68.053 0 1 269.688
32.893 71.043 0 1 280.485
29.933 72.433 0 1 167.066
29.423 68.703 0 1 36.6851
26.533 70.843 0 1 101.375
23.643 74.273 0 1 187.852
23.633 78.413 0 1 284.164
46.683 78.843 0 1 347.221
50.153 80.733 0 1 279
47.473 74.563 0 1 25.1489
54.343 95.663 0 1 247.542
43.363 89.123 0 1 338.044
42.413 92.873 0 1 156.037
40.533 87.863 0 1 350.144
32.703 82.673 0 1 239.446
30.953 85.423 0 1 80.9725
36.553 89.493 0 1 196.794
36.893 93.243 0 1 145.996
30.003 91.943 0 1 235.982
28.673 97.513 0 1 145.954
53.703 11.043 0 1 158.059
70.933 11.803 0 1 20.2432
82.513 9.313 0 1 296.107
77.713 33.563 0 1 218.628
75.393 34.053 0 1 300.394
67.173 36.403 0 1 209.101
58.723 44.903 0 1 102.608
63.033 43.313 0 1 275.643
63.463 43.863 0 1 34.2648
65.313 44.993 0 1 223.367
67.333 43.373 0 1 33.0063
62.993 41.363 0 1 188.77
66.373 39.623 0 1 228.025
67.353 38.483 0 1 7.22254
69.083 40.343 0 1 60.4201
74.443 44.123 0 1 29.3961
83.823 37.243 0 1 94.5498
82.623 31.993 0 1 62.1421
81.853 41.953 0 1 257.882
81.213 50.533 0 1 125.426
68.723 51.823 0 1 333.972
68.823 53.023 0 1 224.889
60.703 63.533 0 1 72.9388
81.103 59.473 0 1 338.548
80.383 66.303 0 1 254.62
83.683 62.363 0 1 159.253
81.593 73.303 0 1 312.89
77.293 67.413 0 1 310.328
78.313 79.523 0 1 0.798213
80.843 81.943 0 1 106.761
59.153 71.853 0 1 229.812
53.473 80.433 0 1 42.8996
75.053 89.923 0 1 224.513
74.073 95.963 0 1 230.101
71.333 99.943 0 1 181.407
99.043 10.293 0 1 336.575
86.163 25.723 0 1 335.498
96.413 30.903 0 1 94.0474
99.603 36.503 0 1 57.4736
99.243 40.533 0 1 43.564
94.423 47.613 0 1 31.2514
102.363 46.033 0 1 2.33516
96.723 54.073 0 1 108.592
84.903 75.413 0 1 76.2646
85.723 77.163 0 1 0.619462
87.093 77.153 0 1 68.3003
93.973 83.403 0 1 275.104
101.953 92.793 0 1 331.583
