3.863 12.093 0 1 164.054
9.683 15.263 0 1 224.728
11.313 9.303 0 1 42.2315
11.193 11.283 0 1 185.435
18.363 14.613 0 1 20.468
18.653 18.193 0 1 10.2323
13.783 24.073 0 1 273.085
15.993 20.523 0 1 39.3087
18.503 22.803 0 1 129.198
19.613 40.913 0 1 99.7708
5.563 45.993 0 1 211.172
4.733 47.343 0 1 286.672
14.293 42.153 0 1 317.395
16.003 42.913 0 1 224.961
27.433 36.883 0 1 182.171
24.343 46.093 0 1 331.536
22.773 46.883 0 1 325.14
21.893 48.303 0 1 54.2576
3.493 69.853 0 1 40.7025
5.813 70.303 0 1 291.604
8.823 59.093 0 1 1.103
13.923 65.053 0 1 152.884
15.863 56.903 0 1 301.994
19.193 69.143 0 1 255.868
3.473 79.213 0 1 259.45
6.543 79.103 0 1 318.085
21.293 80.613 0 1 332.608
8.993 85.163 0 1 47.8806
4.853 94.793 0 1 87.1235
19.213 92.513 0 1 193.45
20.553 86.633 0 1 359.753
21.973 7.873 0 1 72.5069
30.363 22.103 0 1 40.2581
31.643 20.003 0 1 168.171
35.153 18.813 0 1 87.6381
30.433 11.853 0 1 78.8521
41.853 6.483 0 1 203.25
51.353 14.433 0 1 262.971
47.983 21.513 0 1 22.8012
46.823 23.243 0 1 76.342
39.693 19.423 0 1 276.789
41.163 20.463 0 1 30.9317
25.973 23.713 0 1 226.631
29.223 31.083 0 1 177.338
29.313 34.433 0 1 254.607
33.253 35.553 0 1 192.339
32.793 26.263 0 1 112.611
35.123 29.623 0 1 220.002
40.693 32.723 0 1 63.4333
38.153 26.293 0 1 116.404
45.283 27.783 0 1 133.963
48.973 39.043 0 1 164.364
52.373 24.643 0 1 34.7969
48.953 32.013 0 1 316.776
49.753 47.163 0 1 245.785
42.853 44.503 0 1 231.607
38.283 41.063 0 1 20.4339
42.133 52.783 0 1 258.368
33.543 48.503 0 1 310.357
29.303 44.703 0 1 327.478
28.183 48.833 0 1 223.871
23.923 51.603 0 1 332.978
26.013 64.023 0 1 71.9822
35.343 59.523 0 1 114.888
36.853 55.423 0 1 175.763
44.433 55.073 0 1 185.694
47.103 70.413 0 1 188.844
40.803 65.713 0 1 4.15119
37.543 67.703 0 1 313.154
31.723 74.083 0 1 318.192
29.443 73.473 0 1 292.375
25.913 68.323 0 1 50.8877
47.043 84.073 0 1 299.091
52.753 89.493 0 1 98.8351
41.863 93.623 0 1 98.3543
35.553 84.503 0 1 115.038
35.703 95.573 0 1 30.7618
30.123 100.023 0 1 74.9355
43.263 98.863 0 1 160.456
53.803 101.683 0 1 73.5569
54.103 4.953 0 1 80.1116
59.713 9.663 0 1 333.573
61.293 10.243 0 1 216.913
67.553 8.483 0 1 127.267
72.023 5.563 0 1 28.4182
72.383 7.133 0 1 14.5072
72.993 11.873 0 1 4.16482
81.223 9.623 0 1 77.6026
79.563 11.453 0 1 101.824
81.193 20.853 0 1 273.768
62.633 17.293 0 1 106.384
67.933 22.003 0 1 166.821
54.093 19.813 0 1 228.532
55.693 23.853 0 1 0.082516
71.033 27.943 0 1 153.005
66.713 29.303 0 1 234.545
79.993 30.043 0 1 316.122
69.073 32.583 0 1 201.706
63.913 33.383 0 1 57.1652
54.983 50.053 0 1 171.695
74.033 42.053 0 1 138.18
70.783 37.243 0 1 92.4197
79.523 41.023 0 1 332.5
82.203 35.993 0 1 295.353
63.753 50.983 0 1 139.491
69.423 66.853 0 1 26.5343
79.583 57.873 0 1 199.64
80.733 55.163 0 1 292.088
78.103 70.323 0 1 174.023
76.283 66.433 0 1 160.329
82.263 84.103 0 1 26.0264
57.843 76.033 0 1 215.734
56.133 93.393 0 1 275.224
64.023 94.103 0 1 44.4095
62.373 88.933 0 1 93.019
65.763 84.963 0 1 230.781
70.133 92.043 0 1 195.408
60.283 99.773 0 1 33.5201
89.873 13.283 0 1 306.592
96.053 10.813 0 1 187.839
96.183 9.373 0 1 127.96
99.433 12.793 0 1 250.913
98.903 14.413 0 1 243.23
95.973 14.773 0 1 239.352
84.993 17.193 0 1 318.941
101.393 28.403 0 1 20.5803
93.423 27.763 0 1 332.704
89.803 34.423 0 1 74.9064
88.263 35.543 0 1 147.984
84.023 51.973 0 1 292.116
89.443 46.263 0 1 337.43
99.733 45.753 0 1 101.815
102.143 51.463 0 1 4.6615
102.623 60.843 0 1 24.1302
89.953 57.803 0 1 72.7136
88.673 66.893 0 1 5.38184
95.633 64.513 0 1 340.897
101.443 68.653 0 1 353.092
89.373 75.003 0 1 240.482
90.943 77.353 0 1 121.945
99.113 76.983 0 1 260.408
100.633 87.483 0 1 330.066
88.743 85.513 0 1 199.107
91.593 91.903 0 1 2.96301
93.433 87.863 0 1 191.555
97.883 91.283 0 1 143.126
91.453 99.623 0 1 8.22878
