5.333 6.153 0 1 102.933
8.243 6.073 0 1 191.821
7.093 10.683 0 1 165.415
15.593 14.573 0 1 132.095
16.093 16.623 0 1 61.2336
11.663 17.993 0 1 199.419
17.643 20.853 0 1 9.87035
20.963 29.603 0 1 263.253
9.273 27.133 0 1 99.2795
5.943 25.633 0 1 126.711
5.033 30.583 0 1 351.253
7.033 29.343 0 1 165.883
4.993 44.573 0 1 305.214
6.683 50.633 0 1 314.531
11.913 47.213 0 1 226.135
11.373 43.503 0 1 333.824
10.003 41.843 0 1 242.535
12.613 41.373 0 1 287.664
24.723 43.853 0 1 206.237
26.683 34.673 0 1 81.5276
16.973 53.963 0 1 251.539
17.263 60.463 0 1 113.803
8.813 71.763 0 1 92.0376
3.493 86.723 0 1 145.28
5.443 80.903 0 1 253.254
10.593 77.993 0 1 58.6991
16.983 75.033 0 1 20.2449
20.413 78.953 0 1 72.1866
9.573 102.363 0 1 271.271
9.993 94.643 0 1 327.131
13.533 92.053 0 1 17.3322
15.483 93.823 0 1 217.987
16.473 96.663 0 1 41.6775
22.023 101.823 0 1 22.437
19.313 94.443 0 1 138.824
19.033 85.913 0 1 188.359
27.423 21.223 0 1 348.018
33.603 12.413 0 1 169.002
28.853 8.883 0 1 20.6096
44.143 14.623 0 1 107.388
48.843 10.163 0 1 155.557
44.163 20.483 0 1 273.725
40.323 17.023 0 1 358.58
25.233 26.563 0 1 178.957
23.473 27.813 0 1 233.784
32.403 31.393 0 1 249.264
31.403 26.303 0 1 199.574
36.633 35.123 0 1 167.493
34.833 36.793 0 1 266.046
38.323 36.733 0 1 36.5761
44.763 35.513 0 1 317.394
44.203 36.453 0 1 251.127
45.373 40.303 0 1 164.137
50.303 34.363 0 1 322.059
53.513 36.663 0 1 352.756
49.203 45.613 0 1 162.111
51.893 48.743 0 1 27.0317
47.453 52.183 0 1 294.964
34.623 44.583 0 1 310.013
38.983 46.213 0 1 134.939
41.733 49.833 0 1 1.27365
40.963 51.373 0 1 88.3237
37.093 53.033 0 1 24.4605
28.873 50.053 0 1 55.8729
32.603 61.143 0 1 275.604
24.123 62.293 0 1 236.235
35.923 62.603 0 1 166.264
39.403 58.423 0 1 156.31
47.613 54.353 0 1 183.051
51.353 58.563 0 1 128.473
47.803 60.153 0 1 284.852
45.193 61.163 0 1 326.1
50.123 68.473 0 1 269.315
41.963 64.413 0 1 266.272
28.163 69.043 0 1 21.1501
25.343 74.463 0 1 101.485
27.653 80.333 0 1 212.057
31.683 80.323 0 1 74.6457
35.383 80.083 0 1 237.266
37.963 83.663 0 1 289.093
54.443 71.623 0 1 320.034
52.773 83.393 0 1 136.048
46.473 90.543 0 1 50.1133
38.903 93.333 0 1 269.311
37.363 94.393 0 1 176.722
28.613 86.133 0 1 1.44442
26.133 84.723 0 1 272.201
25.273 96.073 0 1 60.7675
51.323 99.703 0 1 347.951
52.733 99.863 0 1 35.9453
55.593 99.733 0 1 138.7
53.013 7.513 0 1 306.838
53.723 13.243 0 1 83.5235
56.753 14.933 0 1 302.098
56.123 9.133 0 1 295.44
67.413 4.033 0 1 274.94
76.883 12.433 0 1 268.042
77.383 5.653 0 1 166.269
83.383 10.293 0 1 276.294
80.583 13.283 0 1 31.1489
81.833 17.493 0 1 304.263
65.153 14.813 0 1 138.981
64.043 18.173 0 1 111.662
63.353 21.843 0 1 327.042
58.203 31.273 0 1 71.7325
57.953 27.713 0 1 315.562
59.823 25.473 0 1 264.977
61.423 27.313 0 1 99.8433
68.513 25.693 0 1 344.516
73.543 24.683 0 1 23.327
76.573 22.933 0 1 128.365
80.173 25.403 0 1 140.645
82.153 24.603 0 1 13.8987
63.523 34.693 0 1 70.3883
54.573 45.543 0 1 153.88
57.973 48.563 0 1 110.816
63.233 46.833 0 1 204.946
72.933 45.403 0 1 121.091
83.073 40.823 0 1 313.876
76.923 49.603 0 1 338.751
73.093 49.443 0 1 305.318
71.613 46.443 0 1 304.757
66.473 52.673 0 1 170.679
60.643 51.503 0 1 356.007
58.423 61.753 0 1 359.463
60.593 62.343 0 1 254.335
63.203 67.893 0 1 205.029
66.353 59.623 0 1 277.678
69.233 63.923 0 1 201.981
71.153 64.733 0 1 5.17146
82.253 69.003 0 1 188.993
76.133 76.033 0 1 344.582
71.753 74.883 0 1 92.6476
71.403 81.863 0 1 265.967
78.273 78.263 0 1 210.408
68.593 78.753 0 1 152.202
61.383 75.873 0 1 56.5157
64.673 75.383 0 1 279.471
63.373 79.313 0 1 312.071
63.933 80.443 0 1 316.809
55.723 86.163 0 1 100.086
60.853 93.603 0 1 110.703
67.603 95.563 0 1 15.2469
75.023 91.763 0 1 173.446
82.543 86.753 0 1 294.082
82.963 90.163 0 1 188.348
83.483 98.713 0 1 95.5715
78.553 101.363 0 1 287.996
73.243 98.833 0 1 268.613
68.103 101.533 0 1 51.3456
65.353 99.443 0 1 37.7601
63.283 97.163 0 1 269.574
90.233 9.603 0 1 351.012
88.863 6.673 0 1 69.154
97.083 7.053 0 1 147.421
98.713 4.793 0 1 317.954
100.893 10.463 0 1 106.188
94.693 15.363 0 1 26.8284
88.943 20.613 0 1 76.0369
90.593 17.723 0 1 55.4701
93.933 17.693 0 1 241.097
101.753 14.323 0 1 266.911
100.323 26.833 0 1 246.218
84.593 25.893 0 1 248.716
90.563 28.423 0 1 333.157
93.723 31.513 0 1 79.4372
100.683 32.373 0 1 200.134
100.513 37.993 0 1 115.151
99.623 41.453 0 1 270.831
95.433 40.453 0 1 234.647
92.153 35.553 0 1 254.84
85.673 39.023 0 1 186.229
85.413 42.823 0 1 337.514
88.433 50.253 0 1 13.165
86.993 45.773 0 1 2.71742
94.173 49.193 0 1 17.6481
95.513 51.773 0 1 223.127
97.793 46.533 0 1 251.657
102.443 55.513 0 1 92.5424
86.833 70.063 0 1 310.865
94.013 67.653 0 1 154.312
95.263 67.323 0 1 112.119
92.643 68.113 0 1 162.497
90.563 71.513 0 1 5.47748
101.673 79.153 0 1 195.702
102.383 84.133 0 1 100.307
93.043 84.303 0 1 92.4843
89.283 79.443 0 1 333.507
86.793 81.143 0 1 351.235
85.153 86.643 0 1 39.7174
89.413 92.263 0 1 350.495
91.153 96.243 0 1 154.279
87.853 96.033 0 1 150.442
