5.563 17.453 0 1 95.887
5.773 22.703 0 1 225.932
17.253 18.883 0 1 253.443
11.643 16.613 0 1 1.40414
10.523 16.893 0 1 296.217
14.413 21.593 0 1 82.7617
14.083 26.053 0 1 4.70066
6.593 32.363 0 1 164.641
8.973 30.593 0 1 154.106
13.123 33.693 0 1 62.2661
17.253 37.893 0 1 75.4188
15.853 38.263 0 1 184.312
5.423 41.233 0 1 60.0827
5.123 53.153 0 1 74.8087
18.413 52.753 0 1 308.547
13.913 49.773 0 1 9.92159
5.073 61.753 0 1 278.572
2.913 65.753 0 1 244.993
9.713 57.043 0 1 131.855
14.283 59.433 0 1 283.311
21.923 58.203 0 1 178.041
20.243 62.673 0 1 29.2777
16.743 61.843 0 1 321.043
12.843 72.323 0 1 111.752
7.963 73.003 0 1 314.521
3.083 83.123 0 1 166.908
9.253 77.243 0 1 151.645
22.223 72.623 0 1 136.456
22.083 70.883 0 1 357.888
21.553 83.623 0 1 264.093
17.573 82.513 0 1 172.331
14.393 83.273 0 1 346.74
6.733 91.063 0 1 341.676
3.493 92.743 0 1 40.1386
4.723 97.113 0 1 86.6785
13.703 89.293 0 1 133.718
15.053 98.163 0 1 277.074
22.693 98.443 0 1 214.43
34.783 16.793 0 1 120.31
33.143 13.023 0 1 174.224
31.803 8.933 0 1 193.198
32.673 7.113 0 1 5.63806
36.603 6.753 0 1 163.291
39.683 10.383 0 1 241.162
43.603 8.273 0 1 294.965
46.913 6.253 0 1 338.06
51.813 16.013 0 1 178.836
48.573 19.833 0 1 212.901
42.743 18.433 0 1 63.6215
25.683 30.093 0 1 320.008
32.693 32.933 0 1 207.685
37.523 36.523 0 1 317.62
38.873 36.003 0 1 175.892
36.743 26.253 0 1 121.31
35.993 24.823 0 1 6.06679
43.003 25.993 0 1 206.043
48.093 43.143 0 1 328.737
49.013 28.483 0 1 118.988
52.493 37.213 0 1 141.343
44.463 47.783 0 1 291.78
41.253 42.373 0 1 58.0955
35.913 42.053 0 1 100.31
32.313 57.803 0 1 204.025
35.003 57.053 0 1 92.9438
43.133 56.083 0 1 68.4585
45.173 54.123 0 1 336.795
52.503 61.223 0 1 138.541
50.583 63.253 0 1 236.484
43.603 62.113 0 1 249.607
52.043 67.233 0 1 222.861
47.003 66.643 0 1 224.384
35.283 69.683 0 1 78.8684
25.513 71.703 0 1 277.873
29.933 83.453 0 1 345.121
38.213 81.503 0 1 145.435
42.463 76.073 0 1 74.4539
46.273 74.043 0 1 59.274
52.543 93.623 0 1 304.427
49.253 94.943 0 1 0.312199
48.013 90.943 0 1 249.854
42.893 85.933 0 1 135.287
43.813 87.543 0 1 28.29
44.163 93.983 0 1 321.223
39.993 90.793 0 1 6.29487
38.823 87.213 0 1 273.676
32.193 83.713 0 1 6.20199
34.753 92.143 0 1 54.0837
31.883 97.173 0 1 161.744
30.693 95.573 0 1 288.884
25.183 86.003 0 1 335.053
26.613 98.503 0 1 104.408
29.763 103.293 0 1 33.647
47.673 99.093 0 1 199.722
63.623 5.623 0 1 60.439
66.073 8.393 0 1 76.4768
69.493 6.443 0 1 299.549
74.803 6.993 0 1 63.6636
73.473 10.973 0 1 182.302
77.613 3.913 0 1 87.5683
79.603 16.033 0 1 64.724
73.303 20.473 0 1 137.201
72.143 20.883 0 1 17.6495
62.273 19.263 0 1 55.8104
61.003 20.663 0 1 285.52
57.223 22.663 0 1 348.477
62.263 29.263 0 1 61.0409
63.323 28.793 0 1 214.628
65.233 26.503 0 1 136.558
69.593 29.193 0 1 356.623
65.583 30.363 0 1 16.2732
74.383 28.533 0 1 27.4253
75.913 23.603 0 1 306.43
80.513 33.483 0 1 55.9318
77.823 36.063 0 1 41.7031
72.323 34.323 0 1 131.77
70.853 33.533 0 1 315.522
58.253 39.963 0 1 345.14
53.583 53.163 0 1 346.658
56.553 48.803 0 1 55.5085
60.603 46.283 0 1 259.803
67.763 38.383 0 1 263.878
70.683 44.333 0 1 282.722
72.163 39.193 0 1 298.021
84.483 33.663 0 1 59.7784
85.363 36.533 0 1 242.474
81.563 46.663 0 1 74.6985
80.253 49.123 0 1 321.084
78.033 49.743 0 1 249.388
76.723 51.933 0 1 57.7845
70.483 53.293 0 1 51.7367
71.663 56.863 0 1 272.196
66.053 47.843 0 1 151.43
54.823 55.933 0 1 62.5867
55.983 56.583 0 1 258.222
55.293 64.723 0 1 180.007
56.253 63.323 0 1 266.177
58.483 59.503 0 1 200.759
65.123 62.393 0 1 83.1201
69.073 57.743 0 1 131.768
73.213 63.753 0 1 238.245
74.573 62.723 0 1 130.884
75.763 60.133 0 1 70.5309
73.123 59.633 0 1 265.271
73.613 57.663 0 1 293.941
75.543 56.243 0 1 117.638
78.823 66.333 0 1 281.034
76.053 74.323 0 1 338.018
72.883 69.343 0 1 309.558
69.873 68.993 0 1 226.226
70.783 80.033 0 1 339.463
75.813 83.893 0 1 142.352
69.713 84.843 0 1 144.849
68.453 82.493 0 1 128.415
68.843 77.073 0 1 151.379
68.253 76.113 0 1 219.969
67.013 69.353 0 1 210.826
58.723 70.433 0 1 151.873
60.963 73.403 0 1 46.5097
64.793 76.933 0 1 66.7898
56.273 73.183 0 1 46.2536
58.543 94.963 0 1 142.564
63.353 92.083 0 1 51.0118
58.473 84.823 0 1 108.781
72.303 95.223 0 1 255.006
76.103 88.053 0 1 222.299
76.213 92.283 0 1 233.562
79.823 88.073 0 1 4.88982
80.313 85.903 0 1 91.7555
81.833 95.543 0 1 121.279
80.533 96.183 0 1 220.143
79.023 99.843 0 1 195.169
77.493 96.063 0 1 296.532
74.553 100.193 0 1 79.0174
70.823 102.583 0 1 161.58
70.353 101.993 0 1 104.688
86.383 8.973 0 1 10.6004
86.643 11.023 0 1 339.522
88.393 12.163 0 1 143.132
89.133 8.063 0 1 348.134
90.913 5.143 0 1 351.281
94.143 4.303 0 1 111.651
93.113 12.493 0 1 142.745
85.503 15.833 0 1 191.562
83.443 20.183 0 1 141.967
83.813 14.543 0 1 189.426
94.933 22.823 0 1 188.323
89.003 24.343 0 1 91.4565
86.593 29.263 0 1 121.136
97.833 36.133 0 1 339.923
96.853 38.093 0 1 12.8551
96.543 38.983 0 1 179.267
98.473 40.633 0 1 135.712
92.713 40.263 0 1 263.764
90.173 37.363 0 1 133.344
83.923 44.223 0 1 259.993
83.543 45.783 0 1 51.1161
98.343 52.443 0 1 115.155
98.313 48.713 0 1 55.8413
96.743 44.263 0 1 7.11588
102.183 58.023 0 1 23.8743
97.533 54.383 0 1 225.806
89.653 62.253 0 1 214.73
83.963 59.743 0 1 82.9834
87.853 64.413 0 1 12.546
91.663 64.053 0 1 196.016
96.253 62.903 0 1 318.594
98.223 66.163 0 1 318.702
102.423 66.893 0 1 332.455
93.893 70.533 0 1 334.023
94.753 69.113 0 1 118.224
92.723 74.773 0 1 331.362
99.513 73.423 0 1 278.796
98.113 85.503 0 1 77.2906
96.243 80.343 0 1 204.387
85.503 91.343 0 1 142.868
92.783 87.163 0 1 281.521
101.003 91.113 0 1 264.381
100.423 93.053 0 1 268.902
85.823 100.103 0 1 335.386
