3.653 8.263 0 1 254.118
8.313 4.883 0 1 257.561
8.913 18.333 0 1 294.468
7.233 16.683 0 1 218.406
17.213 6.933 0 1 97.6343
16.703 14.033 0 1 149.528
3.253 23.423 0 1 350.91
7.053 30.013 0 1 353.764
13.723 33.823 0 1 189.464
18.423 39.333 0 1 345.866
3.013 34.243 0 1 31.2509
3.503 51.283 0 1 226.351
2.923 53.733 0 1 253.691
20.533 44.993 0 1 138.703
24.373 41.933 0 1 226.159
20.123 47.193 0 1 310.585
7.143 55.123 0 1 103.825
6.493 70.573 0 1 300.671
6.533 67.383 0 1 63.1657
9.143 64.963 0 1 256.325
8.243 60.893 0 1 136.272
14.103 68.323 0 1 74.9278
18.163 55.043 0 1 325.798
20.483 66.673 0 1 129.87
16.373 65.593 0 1 95.6893
16.973 71.333 0 1 192.247
12.953 73.573 0 1 131.125
12.543 69.283 0 1 326.965
11.133 68.883 0 1 56.4613
11.793 75.463 0 1 260.406
15.523 75.323 0 1 215.775
14.623 77.813 0 1 27.6497
17.383 76.203 0 1 274.533
19.253 72.723 0 1 315.385
17.633 83.693 0 1 327.188
17.333 79.563 0 1 270.889
15.233 85.983 0 1 105.608
7.853 89.123 0 1 253.572
4.223 102.853 0 1 187.577
11.223 103.483 0 1 269.479
11.823 101.613 0 1 218.187
12.243 98.833 0 1 47.7523
8.403 95.983 0 1 187.95
14.043 96.553 0 1 62.6821
18.053 90.853 0 1 287.202
19.523 7.733 0 1 166.259
20.823 10.123 0 1 159.222
25.073 11.313 0 1 132.954
22.953 17.843 0 1 92.2679
29.973 13.103 0 1 58.1185
32.383 10.763 0 1 117.915
36.633 8.893 0 1 157.695
37.763 9.563 0 1 299.805
35.313 10.753 0 1 344.504
38.323 14.543 0 1 231.367
41.823 11.803 0 1 174.742
51.003 19.953 0 1 196.495
30.813 24.103 0 1 135.259
27.323 26.293 0 1 17.8577
40.653 25.593 0 1 153.297
43.803 39.703 0 1 78.858
49.543 35.823 0 1 37.182
50.623 35.403 0 1 56.8928
49.763 27.913 0 1 84.5058
48.463 24.653 0 1 347.587
51.053 44.853 0 1 264.818
49.993 49.543 0 1 192.286
50.513 51.883 0 1 122.93
31.593 42.703 0 1 358.884
25.463 56.153 0 1 195.942
27.043 57.093 0 1 126.039
26.743 58.523 0 1 10.4999
30.753 53.633 0 1 87.8892
31.323 59.963 0 1 172.479
34.003 62.793 0 1 166.249
31.203 62.643 0 1 133.916
24.253 60.223 0 1 330.636
23.703 66.473 0 1 358.849
45.863 57.423 0 1 17.5724
51.453 59.613 0 1 235.151
53.443 63.963 0 1 336.984
47.563 69.033 0 1 334.064
44.443 69.823 0 1 353.709
36.673 64.983 0 1 173.17
32.113 67.853 0 1 309.981
33.703 72.793 0 1 175.498
34.143 74.953 0 1 241.222
33.333 77.203 0 1 118.439
29.063 71.223 0 1 119.893
26.093 76.463 0 1 265.994
28.933 77.653 0 1 246.734
40.883 82.053 0 1 226.584
44.983 81.493 0 1 125.081
50.463 83.423 0 1 67.2362
48.243 77.293 0 1 239.259
51.433 96.743 0 1 207.135
50.653 92.943 0 1 213.663
49.033 89.643 0 1 56.6594
47.853 87.883 0 1 240.006
38.593 90.333 0 1 151.785
31.803 88.613 0 1 60.8251
34.113 88.603 0 1 138.657
29.703 90.323 0 1 81.7339
25.913 89.883 0 1 311.104
24.693 94.033 0 1 346.487
44.763 100.083 0 1 33.7934
44.303 95.663 0 1 113.172
51.613 101.083 0 1 357.864
56.603 14.153 0 1 99.3642
63.093 9.883 0 1 81.5719
61.493 6.053 0 1 126.949
71.773 3.743 0 1 26.6804
74.023 4.973 0 1 53.2671
74.043 13.233 0 1 302.478
74.893 13.793 0 1 60.3847
84.073 11.613 0 1 45.1963
82.323 21.603 0 1 257.012
79.533 18.193 0 1 75.2769
69.213 20.193 0 1 17.5045
68.453 18.803 0 1 58.6158
70.053 16.853 0 1 330.045
68.883 14.713 0 1 193.968
60.783 22.883 0 1 241.355
62.783 31.333 0 1 304.79
82.493 24.023 0 1 294.33
76.123 31.403 0 1 143.692
76.533 30.703 0 1 171.209
73.113 36.693 0 1 225.889
65.263 36.983 0 1 83.9255
60.073 33.963 0 1 78.3393
58.403 34.803 0 1 271.63
55.703 41.863 0 1 178.096
55.253 47.173 0 1 336.471
56.983 49.993 0 1 210.79
61.753 43.733 0 1 132.519
61.943 42.903 0 1 340.301
64.993 41.423 0 1 144.591
69.583 42.403 0 1 263.824
71.793 41.523 0 1 26.2181
73.983 40.113 0 1 238.32
78.803 43.043 0 1 34.0441
79.053 45.253 0 1 279.721
69.673 47.313 0 1 246.403
71.013 55.553 0 1 67.232
64.493 54.013 0 1 331.584
65.723 51.183 0 1 137.252
61.673 49.743 0 1 144.231
60.303 52.033 0 1 247.754
53.783 59.903 0 1 115.998
56.493 68.413 0 1 326.78
65.493 65.483 0 1 238.19
63.943 62.553 0 1 126.534
79.783 60.933 0 1 321.909
77.763 61.693 0 1 136.354
79.133 65.453 0 1 171.129
82.253 64.623 0 1 25.5908
84.213 65.763 0 1 46.6013
80.103 69.943 0 1 148.119
82.103 72.043 0 1 265.729
82.083 74.483 0 1 212.061
77.653 73.543 0 1 310.069
71.273 69.403 0 1 42.6314
72.523 71.573 0 1 229.724
72.473 79.753 0 1 323.489
73.923 85.753 0 1 228.895
78.613 82.213 0 1 274.516
77.843 81.533 0 1 46.6057
79.483 80.503 0 1 164.919
78.533 84.933 0 1 347.57
67.253 75.303 0 1 119.731
61.673 84.053 0 1 25.9885
54.253 79.703 0 1 337.035
53.403 86.073 0 1 128.729
54.443 89.123 0 1 63.2013
61.513 85.993 0 1 300.169
74.343 94.623 0 1 103.175
80.313 86.903 0 1 123.059
81.993 93.993 0 1 251.718
80.733 96.903 0 1 185.435
71.393 98.903 0 1 314.781
59.203 100.933 0 1 124.816
57.823 98.303 0 1 17.2814
60.033 102.513 0 1 270.13
88.063 13.523 0 1 320.387
94.643 14.023 0 1 3.11462
89.273 15.613 0 1 139.728
96.243 19.853 0 1 316.291
90.193 22.543 0 1 169.938
85.393 28.213 0 1 214.391
87.793 29.083 0 1 171.12
88.553 28.223 0 1 295.196
91.203 31.283 0 1 169.823
96.853 27.963 0 1 134.689
101.763 36.793 0 1 197.086
90.873 38.983 0 1 253.809
86.493 34.403 0 1 90.7768
85.023 52.283 0 1 45.8053
88.423 48.953 0 1 14.4956
96.273 55.593 0 1 159.727
93.123 55.583 0 1 267.83
91.513 55.593 0 1 271.195
90.373 55.293 0 1 331.304
92.173 60.153 0 1 76.6132
87.683 56.843 0 1 77.5483
84.183 58.283 0 1 203.058
85.363 58.083 0 1 5.20358
83.723 75.203 0 1 33.8834
83.303 76.853 0 1 137.493
92.973 72.423 0 1 137.82
98.483 75.493 0 1 87.9612
101.913 85.593 0 1 5.35524
98.193 86.113 0 1 47.1246
84.723 84.963 0 1 188.542
85.833 87.673 0 1 42.1705
84.573 91.183 0 1 164.221
99.293 97.543 0 1 128.015
88.493 95.453 0 1 297.951
87.263 97.043 0 1 289.043
87.513 102.033 0 1 309.113
84.533 102.473 0 1 208.427
