4.813 55.443 0 1 137.902
16.783 62.893 0 1 115.099
20.253 67.583 0 1 207.062
13.543 76.323 0 1 299.091
20.873 72.603 0 1 254.601
16.743 78.583 0 1 43.5377
6.553 100.903 0 1 198.191
10.743 89.873 0 1 156.336
20.123 102.623 0 1 269.105
46.353 33.993 0 1 216.601
53.083 40.743 0 1 238.487
29.763 62.163 0 1 324.389
41.493 67.123 0 1 127.358
32.533 73.343 0 1 251.167
39.613 78.463 0 1 163.903
39.373 80.773 0 1 239.374
41.633 79.573 0 1 122.469
56.443 42.623 0 1 240.598
82.993 42.973 0 1 112.343
70.013 76.583 0 1 138.014
70.813 93.233 0 1 132.313
72.803 87.893 0 1 161.538
102.493 22.143 0 1 15.9364
98.473 23.623 0 1 127.82
92.343 61.853 0 1 185.643
82.733 54.933 0 1 278.178
97.803 83.183 0 1 180.652
95.863 78.933 0 1 90.287
100.163 89.833 0 1 195.852
