150.333 29.340 32.851 1001.371 2.230 227.988 432.278
150.375 29.750 32.717 1001.413 2.775 461.384 432.829
150.417 31.996 32.812 1000.990 3.072 670.934 435.287
150.458 32.468 32.924 1000.685 2.999 839.123 435.803
150.500 32.772 33.745 1000.009 2.464 896.594 437.814
150.542 34.161 33.221 999.290 2.254 945.804 442.017
150.583 34.466 33.554 998.808 2.372 822.751 447.065
150.625 34.295 33.371 998.038 2.422 693.784 446.032
150.667 34.066 33.241 997.319 2.586 599.964 444.789
150.708 34.094 32.976 996.591 2.970 419.834 442.513
150.750 32.374 32.508 996.845 2.529 226.054 441.612
150.792 32.079 33.278 996.811 2.917 54.843 438.219
150.833 31.859 33.364 997.505 2.978 0.000 434.191
150.875 31.586 33.782 997.683 3.549 0.000 436.544
150.917 30.985 34.219 997.843 3.960 0.000 434.959
150.958 30.674 34.482 997.945 4.255 0.000 434.009
151.000 30.632 34.444 997.860 4.594 0.000 433.821
151.042 30.476 34.489 997.615 4.567 0.000 437.277
151.083 30.400 34.304 997.099 4.584 0.000 434.721
151.125 30.398 34.240 996.761 4.419 0.000 440.963
151.167 30.004 34.325 996.431 3.873 0.000 441.110
151.208 29.750 34.516 996.735 3.323 0.000 439.294
151.250 30.598 34.875 997.463 2.410 2.384 440.942
151.292 30.753 35.401 997.962 2.175 87.005 438.052
151.333 31.296 34.280 998.478 1.780 257.785 444.272
151.375 31.656 33.561 998.469 1.093 482.356 439.364
151.417 33.538 33.682 998.833 1.064 667.311 443.951
151.458 33.777 33.278 998.478 0.624 803.544 444.908
151.500 33.817 33.241 998.139 0.351 902.302 447.100
151.542 34.104 33.254 997.607 0.956 915.351 449.697
151.583 34.512 32.809 996.862 1.621 844.211 452.273
151.625 33.812 32.848 996.042 1.982 729.814 454.919
151.667 33.284 33.099 995.813 1.998 602.442 451.031
151.708 32.307 35.296 995.669 1.897 402.054 450.940
151.750 31.780 35.788 995.365 3.063 197.215 452.155
151.792 31.188 36.412 996.025 1.558 47.914 448.545
151.833 30.797 36.090 996.786 1.103 0.000 444.189
151.875 30.273 36.158 997.294 1.000 0.000 443.721
151.917 29.668 35.983 997.818 1.243 0.000 445.187
151.958 29.560 35.912 998.410 2.940 0.000 443.909
152.000 29.419 35.696 998.376 3.178 0.000 441.200
152.042 28.285 34.397 997.793 3.412 0.000 438.191
152.083 27.469 32.391 997.040 2.800 0.000 437.081
152.125 27.378 32.420 996.989 1.680 0.000 442.122
152.167 26.987 32.087 997.446 1.501 0.000 442.625
152.208 27.179 32.148 997.361 1.844 0.000 438.736
152.250 27.192 32.252 998.122 3.011 1.033 437.109
152.292 26.913 31.920 998.309 2.366 37.475 435.091
152.333 26.657 32.253 998.387 2.144 139.502 432.938
152.375 26.676 31.606 998.974 1.784 284.826 434.412
152.417 28.048 32.263 999.184 1.290 592.742 434.123
152.458 28.264 32.986 999.746 0.921 623.631 439.288
152.500 28.677 33.754 999.461 0.691 737.866 441.542
152.542 30.320 34.762 998.840 0.765 879.835 441.513
152.583 30.668 34.220 997.640 1.089 760.249 440.862
152.625 30.415 33.559 997.204 1.620 792.590 436.861
152.667 30.233 34.050 996.700 1.882 576.381 442.278
152.708 30.136 33.812 996.281 2.146 370.058 440.378
152.750 29.363 31.869 996.935 1.398 217.261 435.026
152.792 29.201 32.157 997.137 1.386 54.741 433.241
152.833 28.901 32.505 997.439 1.574 0.000 429.153
152.875 28.746 32.811 998.076 1.945 0.000 427.737
152.917 28.341 33.409 998.513 2.139 0.000 426.747
152.958 28.183 33.654 999.192 2.329 0.000 427.932
153.000 28.139 34.019 999.209 2.462 0.000 428.308
153.042 27.920 34.033 998.966 2.377 0.000 428.864
153.083 28.046 34.248 998.714 2.541 0.000 431.587
153.125 28.086 34.241 998.563 3.093 0.000 429.861
153.167 28.216 34.016 998.739 3.299 0.000 430.966
153.208 28.234 34.425 998.966 3.392 0.000 432.924
153.250 28.891 34.213 999.427 2.640 2.793 429.861
153.292 29.209 33.991 999.897 2.706 86.592 434.043
153.333 29.721 33.392 1000.249 2.810 275.303 432.295
153.375 30.136 33.375 1000.820 2.876 472.702 436.586
153.417 31.914 32.969 1000.853 2.652 615.832 439.201
153.458 32.261 33.073 1000.904 1.860 754.354 439.909
153.500 32.372 33.236 1000.727 1.167 881.812 441.592
153.542 33.369 33.494 1000.023 0.859 943.410 444.691
153.583 33.181 34.436 999.721 1.292 850.850 443.752
153.625 33.044 34.499 999.293 2.075 753.230 445.363
153.667 32.297 34.244 999.058 2.691 595.009 444.879
153.708 32.076 34.054 998.848 3.639 432.671 440.667
153.750 29.911 33.922 999.008 3.441 228.198 442.177
153.792 29.602 33.843 999.368 3.461 51.368 437.605
153.833 29.371 33.812 1000.333 3.628 0.000 434.181
153.875 29.434 33.761 1001.222 3.680 0.000 432.996
153.917 28.995 33.792 1001.927 3.423 0.000 431.840
153.958 28.899 33.960 1002.204 2.997 0.000 429.406
154.000 28.784 33.985 1002.204 2.851 0.000 430.460
154.042 28.539 33.978 1002.254 2.432 0.000 429.579
154.083 28.406 34.061 1001.919 2.158 0.000 429.146
154.125 28.145 34.112 1001.784 2.054 0.000 429.666
154.167 27.957 34.415 1001.759 2.230 0.000 429.680
154.208 27.758 34.272 1002.003 1.879 0.000 434.867
154.250 28.477 34.338 1002.489 1.386 2.412 434.246
154.292 28.865 34.244 1002.682 0.493 78.539 432.310
154.333 29.304 33.672 1003.412 0.445 225.260 438.529
154.375 29.766 34.050 1004.184 0.529 418.995 437.171
154.417 31.540 34.604 1003.882 0.490 580.517 435.929
154.458 31.817 34.935 1003.982 0.874 763.967 441.614
154.500 31.939 34.088 1003.806 1.536 830.807 440.834
154.542 32.716 33.768 1003.513 1.748 846.696 443.600
154.583 32.619 33.215 1002.355 2.437 851.340 440.783
154.625 30.980 34.230 1002.321 2.653 688.494 448.101
154.667 30.201 33.178 1001.440 3.210 558.261 441.997
154.708 30.184 32.915 1001.499 3.042 378.855 438.117
154.750 29.577 33.668 1001.642 2.211 219.564 437.597
154.792 29.476 34.088 1002.397 1.737 51.894 434.130
154.833 29.223 33.985 1003.278 1.886 0.000 435.156
154.875 29.252 34.317 1004.184 2.743 0.000 437.092
154.917 29.049 34.534 1003.949 3.216 0.000 434.361
154.958 28.954 34.457 1004.771 3.225 0.000 436.514
155.000 28.669 33.395 1004.721 2.471 0.000 437.655
155.042 28.420 33.508 1004.553 2.249 0.000 433.400
155.083 28.015 33.053 1004.100 2.328 0.000 429.276
155.125 27.857 33.740 1003.638 2.357 0.000 436.564
155.167 27.544 33.641 1003.689 2.069 0.000 430.886
155.208 27.491 33.812 1003.655 2.674 0.000 424.378
155.250 27.540 32.283 1003.831 2.427 2.612 424.631
155.292 28.084 33.280 1004.360 3.413 75.002 431.262
155.333 28.752 33.097 1004.318 4.009 208.899 427.462
155.375 29.474 32.253 1004.645 4.168 432.018 429.673
155.417 30.626 31.139 1004.477 4.187 657.151 430.280
155.458 30.083 31.373 1004.779 4.182 728.616 433.263
155.500 29.938 33.202 1004.377 4.089 890.246 431.977
155.542 29.950 34.002 1003.873 4.141 878.855 433.689
155.583 30.162 34.248 1002.867 4.579 744.995 437.547
155.625 30.447 33.991 1002.372 4.317 708.156 433.682
155.667 30.205 33.826 1001.675 4.368 611.733 432.468
155.708 30.154 33.692 1001.575 4.171 423.947 430.728
155.750 29.476 32.888 1001.105 3.801 212.345 432.418
155.792 29.096 32.838 1002.237 3.362 55.503 429.218
155.833 28.901 32.788 1002.497 4.182 0.000 429.601
155.875 28.703 32.674 1003.320 4.061 0.000 428.019
155.917 28.349 32.674 1003.605 4.878 0.000 427.903
155.958 28.139 32.728 1004.570 4.694 0.000 430.778
156.000 28.037 32.624 1004.486 4.413 0.000 426.083
156.042 27.586 32.668 1003.966 4.871 0.000 427.672
156.083 27.256 32.326 1003.118 5.098 0.000 421.850
156.125 27.186 31.735 1002.674 4.651 0.000 425.700
156.167 27.119 31.830 1002.372 4.189 0.000 429.081
156.208 27.084 32.065 1002.573 4.304 0.000 422.839
156.250 27.475 32.270 1002.565 4.401 2.376 431.074
156.292 27.493 32.688 1003.085 5.042 72.916 426.090
156.333 28.201 33.016 1003.412 5.026 259.469 422.854
156.375 28.709 33.456 1003.706 4.798 419.430 428.727
156.417 29.545 33.232 1003.622 4.722 588.733 430.952
156.458 29.254 33.013 1004.167 4.408 619.514 433.335
156.500 29.670 33.229 1004.050 4.973 755.043 431.876
156.542 30.089 32.855 1003.664 5.578 782.650 432.122
156.583 30.405 32.788 1002.690 5.158 780.637 431.392
156.625 30.541 32.738 1002.120 5.328 692.557 429.146
156.667 29.630 32.299 1001.617 5.333 619.532 427.997
156.708 29.375 32.260 1001.952 5.496 406.534 422.507
156.750 28.234 32.118 1001.759 4.453 211.438 425.606
156.792 27.580 31.957 1002.279 4.233 56.229 423.879
156.833 27.726 32.345 1002.766 3.522 0.018 425.902
156.875 27.908 32.204 1003.756 3.150 0.000 424.392
156.917 27.784 32.118 1003.848 3.442 0.000 426.863
156.958 27.924 32.082 1003.613 3.928 0.000 426.653
157.000 28.044 31.827 1003.370 4.253 0.000 430.764
157.042 27.845 31.722 1002.942 4.093 0.000 429.630
157.083 27.910 31.836 1002.539 4.122 0.000 431.363
157.125 27.758 31.931 1002.120 4.127 0.000 433.985
157.167 27.252 31.638 1001.885 4.318 0.000 436.116
157.208 26.985 31.830 1002.028 4.370 0.000 436.507
157.250 27.291 31.325 1002.346 3.544 2.539 424.183
157.292 27.360 32.213 1002.598 4.070 59.312 433.841
157.333 27.279 32.541 1003.060 4.508 139.937 437.294
157.375 26.696 32.654 1003.152 5.267 159.653 439.541
157.417 27.370 32.092 1003.328 5.839 169.521 439.880
157.458 27.222 31.862 1003.328 5.366 165.167 437.648
157.500 27.273 32.213 1003.429 5.405 153.196 441.253
157.542 27.355 32.658 1003.085 5.516 254.952 441.462
157.583 27.366 31.550 1002.858 4.484 452.333 437.251
157.625 26.985 30.018 1002.313 5.076 201.353 439.064
157.667 27.022 31.350 1002.145 4.161 254.009 436.687
157.708 27.186 31.113 1001.759 3.704 120.547 441.224
157.750 26.927 32.561 1001.852 2.386 107.488 439.432
157.792 26.710 32.359 1002.204 2.948 22.782 442.676
157.833 26.771 32.312 1002.607 2.418 0.018 440.617
157.875 26.846 32.475 1003.328 3.193 0.000 439.028
157.917 26.880 32.671 1003.563 3.716 0.000 437.518
157.958 26.846 32.798 1003.907 3.767 0.000 442.856
158.000 26.929 32.956 1003.924 3.914 0.000 446.894
158.042 27.012 32.355 1003.622 3.716 0.000 442.423
158.083 26.965 32.748 1003.051 3.164 0.000 440.971
158.125 27.086 32.741 1003.135 3.150 0.000 442.755
158.167 26.866 32.461 1003.076 3.667 0.000 435.120
158.208 26.779 31.625 1003.194 3.640 0.000 439.035
158.250 26.667 32.217 1003.638 2.009 1.995 439.136
158.292 26.983 32.912 1003.915 2.031 54.415 439.808
158.333 27.548 33.300 1003.957 2.403 176.649 435.813
158.375 28.052 33.960 1004.217 3.132 300.153 437.157
158.417 29.254 33.395 1004.377 4.920 437.532 446.396
158.458 29.351 32.962 1004.998 4.668 521.023 447.963
158.500 29.387 34.224 1004.494 4.103 644.835 442.892
158.542 29.136 32.438 1004.259 4.326 619.877 442.892
158.583 28.388 33.242 1004.159 4.775 522.075 440.675
158.625 28.529 32.638 1003.387 3.844 262.407 442.878
158.667 27.586 32.131 1003.026 3.542 206.595 438.269
158.708 27.418 32.451 1002.649 3.280 182.816 448.028
158.750 27.275 32.808 1001.810 2.986 90.873 438.074
158.792 27.264 32.688 1002.959 2.907 28.568 435.437
158.833 27.368 32.821 1003.227 2.739 0.036 438.529
158.875 27.487 32.785 1003.479 2.721 0.000 433.176
158.917 27.766 32.821 1003.521 3.295 0.000 436.716
158.958 27.803 32.758 1003.999 3.570 0.000 440.321
159.000 27.754 32.734 1004.167 3.310 0.000 437.099
159.042 27.396 32.758 1003.638 3.299 0.000 433.740
159.083 27.018 32.694 1003.303 3.152 0.000 428.676
159.125 27.001 32.624 1003.211 3.004 0.000 432.584
159.167 26.732 32.329 1003.102 2.950 0.000 427.600
159.208 26.593 32.194 1003.085 2.819 0.000 426.133
159.250 27.206 32.415 1002.875 1.820 1.669 430.352
159.292 27.558 33.658 1003.345 2.119 47.776 431.479
159.333 28.228 33.443 1003.622 2.509 181.673 434.137
159.375 28.410 32.711 1004.008 2.984 321.229 440.451
159.417 28.721 32.791 1003.823 3.164 413.644 437.648
159.458 29.227 34.047 1003.714 3.044 571.556 441.607
159.500 29.504 32.698 1002.992 3.038 730.285 439.974
159.542 29.492 32.888 1003.034 3.007 824.187 441.123
159.583 29.247 33.192 1001.952 4.308 698.651 435.849
159.625 29.417 33.675 1001.256 3.957 615.215 446.728
159.667 28.727 33.327 1000.677 3.308 479.940 441.809
159.708 28.242 33.114 1000.325 3.385 294.911 439.237
159.750 27.145 32.872 1000.199 1.929 149.315 437.691
159.792 27.483 32.631 1000.526 1.786 40.902 434.621
159.833 27.631 32.678 1000.794 2.334 0.054 435.936
159.875 27.833 32.684 1001.558 1.851 0.000 439.223
159.917 27.641 32.815 1001.533 2.057 0.000 432.707
159.958 27.455 32.744 1002.003 2.069 0.000 431.443
160.000 27.285 32.895 1001.717 2.071 0.000 436.283
160.042 26.876 32.564 1000.744 2.566 0.000 433.364
160.083 26.888 32.714 1000.685 2.737 0.000 432.577
160.125 26.635 31.257 1000.039 2.409 0.000 442.705
160.167 26.232 30.928 1000.056 2.283 0.000 441.231
160.208 26.324 31.350 999.603 2.237 0.000 434.932
160.250 26.981 32.019 999.947 1.372 1.759 431.761
160.292 27.343 32.102 1000.090 1.820 57.589 429.984
160.333 27.687 32.568 1000.526 1.921 160.651 434.332
160.375 28.094 33.063 1000.937 2.081 361.950 436.044
160.417 29.636 33.682 1000.912 2.498 483.059 438.934
160.458 29.695 33.511 1000.820 3.245 613.492 441.917
160.500 29.541 33.971 1000.568 3.566 675.725 444.156
160.542 29.395 32.842 999.805 4.196 757.401 439.526
160.583 29.628 32.754 999.226 3.686 650.839 444.135
160.625 29.881 32.207 998.227 2.951 638.124 435.372
160.667 29.913 32.541 997.590 2.739 310.219 440.061
160.708 30.071 32.754 997.271 2.945 222.811 436.478
160.750 28.859 33.276 996.843 2.880 130.995 433.364
160.792 28.841 32.878 998.680 1.466 39.850 438.573
160.833 28.667 33.003 998.403 1.967 0.073 436.145
160.875 28.479 33.009 998.924 1.750 0.000 432.396
160.917 28.213 33.249 998.957 1.735 0.000 433.046
160.958 28.104 33.327 998.974 1.256 0.000 430.251
161.000 27.926 33.613 998.815 1.545 0.000 427.556
161.042 27.691 33.263 998.546 1.629 0.000 431.226
161.083 27.335 32.694 997.816 1.451 0.000 432.151
161.125 27.147 32.895 997.330 1.231 0.000 434.137
161.167 26.862 32.144 997.053 1.191 0.000 428.344
161.208 27.070 31.606 996.801 0.720 0.000 428.394
161.250 27.052 32.197 996.994 1.379 2.412 426.885
161.292 27.691 32.775 997.153 0.768 78.267 432.555
161.333 27.906 32.524 998.152 0.494 238.537 425.888
161.375 28.120 32.966 998.873 0.916 446.910 428.727
161.417 29.332 33.134 998.739 1.832 583.781 434.852
161.458 29.658 33.750 998.563 1.707 728.761 435.148
161.500 29.944 31.872 998.135 1.288 842.688 436.665
161.542 30.785 31.008 996.860 1.129 846.243 436.543
161.583 30.832 31.703 996.449 0.715 821.194 438.471
161.625 31.188 31.974 995.962 1.581 657.532 436.839
161.667 30.138 32.591 995.366 2.412 415.821 439.295
161.708 30.395 32.946 995.643 2.491 297.704 435.264
161.750 29.146 33.940 995.601 1.427 176.159 433.379
161.792 28.193 32.882 996.273 1.123 41.990 436.449
161.833 27.819 33.202 997.254 0.540 0.091 434.267
161.875 27.501 33.063 997.791 0.363 0.000 427.116
161.917 27.133 33.023 997.497 1.268 0.000 427.686
161.958 27.042 33.144 998.076 1.809 0.000 428.618
162.000 27.113 33.182 997.523 1.245 0.000 429.760
162.042 26.850 33.060 996.969 1.366 0.000 431.147
162.083 27.218 33.283 996.784 0.977 0.000 430.619
162.125 26.817 32.915 996.239 0.882 0.000 435.950
162.167 26.619 31.801 996.340 1.238 0.000 428.662
162.208 25.982 31.325 996.080 1.469 0.000 434.939
162.250 27.372 32.959 996.583 0.918 2.431 433.841
162.292 27.708 33.470 996.851 0.826 71.411 428.120
162.333 28.173 33.009 997.422 1.189 204.800 436.586
162.375 28.278 33.696 998.018 1.322 417.399 433.538
162.417 29.846 32.379 997.447 2.074 528.024 438.139
162.458 30.427 32.979 998.009 2.076 725.895 437.901
162.500 30.721 32.942 997.732 1.755 810.075 439.591
162.542 31.004 32.855 997.137 1.861 765.781 436.593
162.583 30.891 32.983 996.457 1.773 766.144 439.526
162.625 30.609 33.320 995.937 1.983 347.276 439.064
162.667 30.318 33.559 995.635 2.176 380.741 435.531
162.708 29.604 33.382 995.467 2.170 256.421 438.854
162.750 27.432 33.439 995.887 1.947 125.390 435.893
162.792 27.667 32.768 995.853 1.997 50.298 434.022
162.833 27.736 32.461 996.826 1.926 0.127 428.409
162.875 27.863 32.279 997.447 2.123 0.000 426.603
162.917 27.307 31.997 998.026 2.548 0.000 424.602
162.958 27.335 32.072 998.403 2.553 0.000 426.581
163.000 27.325 31.882 998.345 2.516 0.000 428.300
163.042 26.989 31.898 997.950 2.491 0.000 428.705
163.083 26.839 31.836 997.447 2.250 0.000 428.076
163.125 26.837 31.755 997.380 1.832 0.000 431.262
163.167 26.629 31.752 996.969 1.392 0.000 429.319
163.208 26.580 31.807 996.801 0.947 0.000 429.066
163.250 28.025 32.895 996.751 2.222 2.757 427.925
163.292 28.385 32.996 997.372 3.031 77.523 431.934
163.333 28.640 32.976 997.900 3.139 215.374 429.976
163.375 28.806 33.788 997.967 2.875 446.112 430.988
163.417 30.241 34.485 997.833 2.743 604.169 429.882
163.458 30.541 33.494 997.799 2.665 789.651 434.657
163.500 30.656 33.706 996.877 2.290 808.769 437.511
163.542 30.874 33.412 996.684 2.445 810.619 435.604
163.583 30.848 33.658 996.281 2.883 807.391 432.606
163.625 30.781 32.905 995.719 2.976 644.418 440.480
163.667 30.468 33.043 995.870 3.705 594.048 435.257
163.708 30.182 32.909 995.912 3.383 393.130 433.480
163.750 28.655 33.182 996.038 2.294 212.871 431.652
163.792 28.608 32.842 996.684 1.803 60.546 426.950
163.833 28.426 33.040 997.271 1.808 0.163 426.191
163.875 28.475 33.053 997.682 1.639 0.000 425.779
163.917 28.248 33.205 997.917 1.882 0.000 424.465
163.958 28.222 33.327 998.236 1.588 0.000 423.504
164.000 28.209 33.300 997.992 1.292 0.000 424.761
164.042 27.736 33.185 997.716 0.859 0.000 424.017
164.083 27.716 33.073 997.296 0.754 0.000 423.937
164.125 27.550 33.030 996.910 0.841 0.000 428.741
164.167 27.238 32.458 996.835 0.926 0.000 428.820
164.208 26.939 31.771 996.969 1.083 0.000 427.116
164.250 28.088 33.555 997.338 0.362 2.739 431.464
164.292 28.110 33.460 997.741 0.377 74.041 428.799
164.333 28.630 34.133 998.370 0.687 242.292 427.983
164.375 28.997 34.182 998.664 0.462 463.144 431.826
164.417 30.417 34.752 998.747 0.679 617.374 433.191
164.458 30.931 33.885 998.303 1.096 790.594 433.827
164.500 31.002 34.513 998.311 1.760 892.223 434.881
164.542 31.405 34.387 997.724 2.238 873.341 438.623
164.583 31.257 34.794 997.338 2.737 889.085 432.851
164.625 31.121 35.476 996.684 3.391 778.569 437.345
164.667 29.855 34.688 996.306 3.772 487.104 438.869
164.708 29.059 33.382 996.910 4.131 352.373 434.152
164.750 28.258 33.456 997.120 3.858 191.758 434.152
164.792 28.070 33.094 998.143 2.177 45.237 436.499
164.833 27.975 33.631 998.974 1.507 0.145 435.820
164.875 27.608 33.388 999.385 1.441 0.000 435.279
164.917 27.151 33.080 999.335 1.440 0.000 435.452
164.958 27.283 33.477 999.670 0.947 0.000 432.671
165.000 27.192 33.303 999.502 1.133 0.000 431.984
165.042 26.338 31.309 999.192 1.068 0.000 432.555
165.083 26.516 31.696 999.268 1.600 0.000 439.967
165.125 26.406 31.843 999.008 1.796 0.000 428.524
165.167 26.421 31.677 998.999 1.466 0.000 439.150
165.208 26.467 31.911 999.234 1.456 0.000 437.540
165.250 26.435 32.125 999.905 1.072 2.104 432.136
165.292 26.819 32.468 1000.400 1.110 71.284 430.959
165.333 27.088 32.455 1000.937 1.057 207.321 437.099
165.375 27.266 32.481 1001.113 0.922 346.587 431.486
165.417 27.975 32.875 1000.945 0.781 447.508 441.007
165.458 27.443 32.949 1001.013 1.045 384.732 446.230
165.500 27.610 34.040 1000.618 2.023 443.536 444.807
165.542 27.799 34.224 1000.543 2.635 292.353 443.095
165.583 27.736 33.450 1000.073 2.843 246.971 439.187
165.625 27.888 33.737 999.511 3.404 427.973 441.679
165.667 27.701 33.388 998.815 3.335 385.983 436.709
165.708 27.772 32.996 998.982 3.016 198.687 434.939
165.750 27.333 32.495 998.865 0.817 97.239 437.894
165.792 26.560 32.359 998.966 0.579 23.181 439.374
165.833 26.578 31.990 999.989 0.764 0.073 436.889
165.875 26.686 32.102 1000.786 0.675 0.000 439.085
165.917 26.495 32.204 1001.214 1.068 0.000 433.588
165.958 26.550 32.111 1001.155 0.709 0.000 436.080
166.000 26.166 31.892 1001.172 0.822 0.000 432.931
166.042 25.967 31.567 1000.627 0.702 0.000 443.037
166.083 26.113 31.700 999.981 1.652 0.000 439.627
166.125 26.123 31.609 999.393 2.182 0.000 446.172
166.167 26.218 31.602 999.452 2.184 0.000 448.050
166.208 26.342 31.739 999.159 2.030 0.000 450.672
166.250 26.593 32.538 999.737 0.491 0.726 448.866
166.292 26.489 32.180 1000.207 0.793 22.165 444.619
166.333 26.645 32.508 1000.560 1.062 45.146 448.664
166.375 26.860 32.661 1001.021 1.114 155.210 446.952
166.417 27.647 33.198 1001.247 1.236 310.854 444.453
166.458 28.159 33.158 1001.315 1.358 574.114 442.112
166.500 28.365 32.915 1001.172 1.813 599.925 438.132
166.542 28.659 32.316 1000.425 2.193 553.001 444.973
166.583 28.551 32.478 1000.157 2.229 582.602 442.452
166.625 28.533 32.668 999.721 2.187 312.886 447.414
166.667 28.804 33.036 999.737 2.118 101.411 444.438
166.708 28.875 33.368 999.419 2.074 140.989 444.597
166.750 27.386 33.545 999.368 0.788 66.767 438.016
166.792 27.218 33.138 999.981 1.206 16.161 436.832
166.833 27.301 33.202 1000.945 1.185 0.073 436.550
166.875 27.287 32.220 1001.617 1.811 0.000 437.402
166.917 27.171 32.180 1001.935 1.754 0.000 438.146
166.958 27.105 32.322 1002.162 1.976 0.000 440.407
167.000 26.878 32.316 1001.877 2.011 0.000 443.470
167.042 26.803 31.722 1001.247 2.051 0.000 448.115
167.083 26.704 32.079 1000.618 1.963 0.000 445.572
167.125 26.562 32.075 1000.065 2.025 0.000 450.550
167.167 26.289 31.823 1000.031 1.945 0.000 443.680
167.208 26.303 31.853 1000.115 2.326 0.000 441.202
167.250 26.910 32.591 1000.987 1.616 0.671 444.908
167.292 26.599 32.243 1001.591 1.960 18.283 441.318
167.333 26.649 32.322 1001.919 2.541 74.839 443.542
167.375 26.688 32.574 1002.565 2.809 101.121 441.014
167.417 26.649 31.954 1002.875 3.274 137.543 441.744
167.458 26.544 32.164 1002.867 3.471 115.106 442.661
167.500 26.129 31.483 1002.934 3.045 116.412 445.543
167.542 26.408 32.875 1002.481 2.887 186.244 438.703
167.583 27.018 33.525 1002.137 3.227 297.668 436.572
167.625 27.014 31.859 1001.650 4.120 129.671 441.354
167.667 26.570 31.788 1001.533 4.319 102.209 443.990
167.708 26.791 32.197 1001.214 3.747 89.984 438.515
167.750 27.206 32.698 1001.474 2.400 35.424 441.585
167.792 27.010 32.016 1002.607 2.455 9.033 440.985
167.833 26.916 32.445 1003.085 1.768 0.073 441.419
167.875 26.973 32.561 1003.957 2.074 0.000 441.289
167.917 26.831 32.604 1004.192 2.732 0.000 443.499
167.958 26.781 32.574 1004.511 2.861 0.000 441.809
168.000 26.943 32.986 1004.284 2.662 0.000 441.563
168.042 26.672 32.611 1003.882 2.660 0.000 442.083
168.083 26.289 31.550 1003.529 3.606 0.000 441.635
168.125 26.279 31.525 1003.378 3.514 0.000 441.708
168.167 26.324 31.810 1003.437 3.193 0.000 445.327
168.208 26.394 31.889 1003.328 2.786 0.000 445.847
168.250 26.317 31.898 1004.083 2.152 0.381 444.128
168.292 26.477 31.954 1004.696 2.592 17.866 440.191
168.333 26.566 32.544 1004.989 2.518 63.629 439.952
168.375 26.858 32.681 1005.224 3.516 118.951 440.891
168.417 28.211 33.511 1005.358 4.534 185.247 440.805
168.458 28.294 33.651 1005.392 4.601 309.186 441.238
168.500 28.385 34.009 1005.140 4.119 352.319 442.105
168.542 27.971 32.946 1004.947 4.285 307.372 444.843
168.583 27.780 32.561 1004.511 4.843 345.734 442.770
168.625 27.861 32.332 1004.058 5.420 383.680 451.864
168.667 27.720 32.059 1003.471 5.244 295.509 449.972
168.708 27.515 31.987 1003.311 4.836 171.280 441.477
168.750 27.489 32.006 1003.538 2.940 117.663 436.702
168.792 27.360 31.898 1003.924 2.450 32.703 440.487
168.833 27.234 32.062 1004.024 3.136 0.218 437.063
168.875 27.181 32.270 1004.503 3.270 0.000 436.362
168.917 27.123 32.184 1004.377 3.715 0.000 433.386
168.958 27.240 32.355 1004.805 4.231 0.000 435.387
169.000 27.232 32.379 1004.654 4.517 0.000 436.001
169.042 27.072 32.425 1004.360 4.049 0.000 436.926
169.083 26.850 32.422 1004.234 4.325 0.000 429.644
169.125 26.730 32.418 1004.343 4.131 0.000 431.298
169.167 26.708 32.678 1003.890 3.993 0.000 435.871
169.208 26.566 32.641 1003.714 4.483 0.000 431.240
169.250 27.005 33.023 1003.899 2.699 1.542 428.900
169.292 27.200 33.737 1004.696 2.997 55.902 430.417
169.333 27.360 32.661 1004.763 3.956 170.754 434.181
169.375 26.973 33.631 1005.585 4.449 263.531 432.526
169.417 28.124 34.730 1005.660 5.063 418.324 434.881
169.458 28.175 34.109 1005.719 4.702 514.312 435.055
169.500 28.428 34.738 1005.207 5.030 417.145 433.480
169.542 27.760 33.713 1004.427 5.171 529.058 435.531
169.583 28.292 33.535 1003.823 5.478 477.926 440.436
169.625 28.572 33.395 1003.244 4.935 352.826 437.135
169.667 28.278 33.057 1002.690 4.077 298.212 436.709
169.708 28.307 32.966 1002.162 3.736 228.035 438.573
169.750 27.983 32.815 1002.372 2.767 114.253 436.384
169.792 27.821 32.932 1002.288 2.870 32.975 432.916
169.833 27.797 32.821 1002.296 3.347 0.254 434.766
169.875 27.874 32.808 1003.060 3.648 0.000 431.212
169.917 27.855 33.009 1003.487 3.716 0.000 433.957
169.958 27.922 33.107 1003.806 4.003 0.000 437.966
170.000 27.718 32.969 1003.722 3.796 0.000 427.434
170.042 27.495 32.942 1003.110 3.791 0.000 434.607
170.083 27.479 32.925 1002.707 3.912 0.000 431.645
170.125 27.505 32.989 1002.388 4.006 0.000 432.967
170.167 27.370 33.020 1002.774 4.318 0.000 427.968
170.208 26.908 32.594 1002.665 4.222 0.000 426.531
170.250 27.331 32.882 1002.934 3.611 1.941 433.566
170.292 27.536 33.331 1003.311 3.361 80.044 426.242
170.333 27.987 34.199 1003.831 3.280 251.216 426.386
170.375 28.165 34.541 1004.175 3.984 356.037 430.807
170.417 28.906 34.819 1004.519 3.698 563.557 430.684
170.458 29.161 34.871 1004.066 3.979 720.018 433.054
170.500 29.298 34.766 1003.563 4.284 818.745 436.442
170.542 29.511 34.600 1002.766 4.779 799.827 438.890
170.583 29.705 34.953 1002.246 5.168 782.686 432.035
170.625 29.956 35.487 1001.273 5.442 656.643 437.373
170.667 29.666 35.319 1000.954 5.477 584.507 432.721
170.708 29.498 35.095 1000.845 5.330 405.355 438.768
170.750 29.106 33.682 1000.803 3.892 210.531 430.829
170.792 28.816 33.613 1001.449 3.104 61.670 430.489
170.833 28.770 33.467 1001.549 3.171 0.363 429.030
170.875 28.754 33.497 1001.969 3.635 0.000 427.455
170.917 28.602 33.501 1002.061 3.671 0.000 429.940
170.958 28.535 33.491 1002.598 3.580 0.000 425.852
171.000 28.371 33.453 1002.674 3.990 0.000 429.572
171.042 28.218 33.365 1002.531 4.504 0.000 430.135
171.083 28.220 33.382 1002.237 4.701 0.000 432.295
171.125 28.238 33.433 1001.868 4.903 0.000 431.031
171.167 27.898 33.371 1001.583 4.764 0.000 426.559
171.208 27.971 33.542 1001.407 4.526 0.000 422.933
171.250 28.695 33.456 1001.927 2.456 2.376 430.301
171.292 28.770 33.840 1002.170 3.373 81.042 430.222
171.333 28.879 34.067 1002.883 4.102 212.345 436.088
171.375 28.796 33.943 1003.127 4.288 397.048 430.164
171.417 30.014 33.860 1003.328 4.506 586.756 435.748
171.458 30.277 34.213 1003.404 4.589 680.187 438.927
171.500 30.395 34.900 1003.362 4.565 815.498 440.313
171.542 30.439 35.205 1002.464 4.792 796.580 436.803
171.583 30.563 35.095 1001.877 4.926 850.542 439.988
171.625 30.648 34.857 1001.113 4.917 779.585 437.540
171.667 31.210 35.034 1000.291 5.572 632.755 437.995
171.708 31.154 34.653 1000.434 5.844 458.119 434.441
171.750 30.075 34.356 1000.115 3.574 215.519 437.901
171.792 29.848 34.119 1000.392 2.738 62.722 433.422
171.833 29.749 34.175 1001.365 2.614 0.363 431.428
171.875 29.691 34.394 1002.640 2.836 0.000 434.347
171.917 29.424 34.262 1002.732 3.252 0.000 434.050
171.958 29.387 34.230 1003.504 3.455 0.000 432.801
172.000 29.330 34.217 1002.833 4.424 0.000 431.414
172.042 28.991 34.199 1002.414 4.905 0.000 428.777
172.083 28.978 34.258 1002.330 5.289 0.000 431.060
172.125 28.851 34.314 1001.852 5.385 0.000 429.803
172.167 28.519 33.902 1002.388 4.398 0.000 432.584
172.208 28.636 34.099 1002.632 3.618 0.000 436.470
172.250 29.165 33.229 1003.194 2.752 2.195 427.520
172.292 29.511 33.967 1003.462 3.207 87.463 427.997
172.333 29.842 34.293 1003.294 3.725 250.145 426.350
172.375 30.057 34.555 1003.336 3.993 446.710 434.383
172.417 30.838 34.541 1003.370 4.236 596.261 435.387
172.458 30.911 34.685 1003.328 4.989 772.420 438.067
172.500 31.006 35.024 1003.102 4.835 897.665 434.896
172.542 31.554 35.290 1003.076 4.442 810.057 441.014
172.583 31.613 35.162 1002.430 4.348 847.839 436.564
172.625 31.532 35.123 1001.784 4.562 674.092 439.280
172.667 31.601 35.294 1001.214 4.814 568.491 440.732
172.708 31.224 34.956 1000.845 4.892 370.965 439.880
172.750 29.808 33.161 1000.727 2.698 186.534 438.356
172.792 29.711 33.341 1001.558 1.736 63.702 429.788
172.833 29.573 33.576 1001.818 2.399 0.399 432.266
172.875 29.523 33.847 1002.447 2.905 0.000 427.578
172.917 29.177 34.009 1002.380 2.991 0.000 426.126
172.958 29.059 33.998 1003.068 3.117 0.000 427.080
173.000 29.051 34.033 1003.294 3.495 0.000 425.570
173.042 28.851 33.812 1002.992 3.782 0.000 426.834
173.083 28.804 33.709 1002.858 4.301 0.000 427.542
173.125 28.851 33.730 1002.472 4.691 0.000 427.903
173.167 28.798 33.531 1002.397 4.672 0.000 427.694
173.208 28.790 33.439 1002.078 4.606 0.000 426.133
173.250 29.498 33.737 1002.774 2.856 2.394 423.612
173.292 29.757 34.265 1002.330 3.150 86.683 424.616
173.333 30.182 33.535 1002.749 3.626 260.521 422.688
173.375 30.277 33.297 1002.909 4.190 453.258 430.077
173.417 31.115 32.831 1003.328 4.491 670.519 427.080
173.458 31.131 32.721 1003.345 4.689 764.892 436.131
173.500 31.034 32.778 1002.959 4.831 842.670 427.556
173.542 31.560 32.738 1002.615 4.861 895.216 431.956
173.583 31.886 32.621 1002.011 4.868 851.285 432.700
173.625 32.087 32.571 1001.281 5.018 811.453 427.000
173.667 31.696 32.785 1000.685 5.152 621.691 428.553
173.708 31.407 32.993 1000.367 5.179 458.482 424.905
173.750 30.336 33.399 1000.132 3.633 248.368 426.169
173.792 29.944 33.720 1000.660 3.292 69.669 427.188
173.833 29.824 34.012 1001.516 2.959 0.453 428.163
173.875 29.733 34.050 1001.919 3.135 0.000 423.684
173.917 29.369 33.943 1002.414 3.666 0.000 425.440
173.958 29.300 34.009 1002.623 4.070 0.000 427.318
174.000 29.142 34.237 1002.632 4.343 0.000 434.672
174.042 28.511 32.651 1001.893 4.519 0.000 431.970
174.083 28.420 33.566 1001.801 4.738 0.000 432.844
174.125 28.331 33.689 1001.986 4.231 0.000 430.496
174.167 28.056 34.019 1001.197 4.227 0.000 433.169
174.208 28.025 33.225 1001.013 4.411 0.000 434.982
174.250 28.485 34.023 1001.147 3.537 1.868 433.906
174.292 28.926 34.716 1001.734 3.884 85.450 429.615
174.333 29.078 35.098 1002.263 3.029 269.445 427.166
174.375 28.683 35.230 1002.506 2.777 386.292 434.282
174.417 28.944 35.180 1002.422 2.990 549.246 433.610
174.458 29.231 34.748 1002.305 3.685 607.797 442.192
174.500 29.587 34.527 1002.003 3.647 752.450 437.084
174.542 28.986 34.244 1001.927 3.867 852.355 437.980
174.583 28.588 31.889 1001.751 3.874 708.065 443.304
174.625 27.596 31.895 1001.281 3.344 353.751 444.041
174.667 27.697 31.801 1000.979 3.539 261.681 440.133
174.708 28.025 32.748 1001.155 3.365 145.632 442.076
174.750 28.305 32.604 1000.425 2.493 80.425 440.971
174.792 28.128 32.488 1001.508 2.364 27.697 440.971
174.833 28.074 32.511 1001.667 2.473 0.181 440.884
174.875 28.199 32.986 1001.818 2.349 0.000 438.269
174.917 28.242 33.209 1002.246 2.729 0.000 439.338
174.958 28.294 33.246 1002.456 3.180 0.000 436.810
175.000 28.298 33.504 1002.590 4.253 0.000 438.334
175.042 27.981 33.368 1002.690 4.490 0.000 433.884
175.083 27.418 33.141 1002.061 4.268 0.000 436.268
175.125 27.404 33.385 1001.734 4.291 0.000 440.111
175.167 27.234 33.596 1001.961 4.228 0.000 434.780
175.208 27.169 33.436 1001.810 4.236 0.000 433.285
175.250 26.880 32.899 1001.340 4.482 1.106 438.760
175.292 27.232 33.263 1002.330 4.606 53.599 439.410
175.333 27.732 33.192 1002.170 3.736 188.856 432.237
175.375 28.345 33.747 1002.808 3.995 311.562 441.657
175.417 28.885 32.821 1002.758 4.814 427.846 439.461
175.458 28.072 33.117 1003.160 4.806 500.236 436.940
175.500 27.924 33.661 1003.085 4.536 527.408 438.508
175.542 28.246 34.002 1002.883 5.236 601.085 441.383
175.583 28.292 33.823 1002.397 5.343 555.504 435.062
175.625 28.489 32.704 1001.726 5.240 451.281 439.837
175.667 27.851 32.379 1001.474 5.020 424.962 442.062
175.708 28.007 33.287 1001.298 4.953 216.082 438.804
175.750 28.276 33.060 1001.357 3.043 139.266 439.201
175.792 27.979 32.986 1002.506 2.446 47.921 433.617
175.833 27.722 32.969 1002.456 2.392 0.381 437.749
175.875 27.058 32.174 1003.345 2.733 0.000 434.354
175.917 27.042 32.858 1003.479 3.152 0.000 432.743
175.958 27.119 32.852 1004.058 3.470 0.000 430.005
176.000 27.246 33.253 1003.789 4.097 0.000 434.628
176.042 27.010 33.127 1003.538 4.113 0.000 428.582
176.083 26.967 32.905 1002.909 4.303 0.000 424.392
176.125 26.860 32.791 1002.724 3.897 0.000 439.230
176.167 26.601 31.905 1002.825 3.649 0.000 436.109
176.208 26.479 32.115 1002.623 4.184 0.000 430.164
176.250 27.532 33.528 1002.808 2.680 1.542 430.323
176.292 28.175 34.331 1003.706 2.234 62.976 424.985
176.333 28.553 34.978 1003.932 3.083 234.365 429.297
176.375 28.800 33.675 1004.326 3.424 411.123 429.933
176.417 30.138 34.380 1004.066 3.548 559.095 433.458
176.458 30.085 33.607 1004.058 3.507 657.876 436.586
176.500 30.186 32.495 1003.949 3.204 761.972 432.808
176.542 30.373 32.604 1003.504 3.066 818.273 434.664
176.583 30.172 33.678 1002.976 3.062 715.103 431.002
176.625 30.441 34.335 1002.732 3.087 659.926 434.217
176.667 29.733 34.748 1002.548 2.884 534.282 432.606
176.708 29.616 34.769 1002.271 2.684 388.541 429.319
176.750 29.088 32.541 1002.170 2.217 221.469 428.553
176.792 28.972 32.461 1003.194 1.451 66.967 429.933
176.833 28.701 32.611 1003.899 1.453 0.508 422.724
176.875 28.610 32.848 1004.419 1.684 0.000 423.294
176.917 28.323 32.905 1004.243 1.708 0.000 424.306
176.958 28.264 32.959 1004.603 1.926 0.000 426.646
177.000 28.050 32.996 1004.477 2.259 0.000 425.642
177.042 27.540 32.658 1003.982 2.600 0.000 426.502
177.083 27.447 31.774 1003.487 2.810 0.000 421.698
177.125 27.301 31.941 1003.227 3.178 0.000 426.711
177.167 27.044 31.833 1003.420 3.154 0.000 426.025
177.208 27.003 31.810 1003.169 2.846 0.000 424.291
177.250 27.837 33.063 1003.127 2.160 1.941 423.085
177.292 28.145 33.334 1003.395 2.440 86.520 420.087
177.333 28.412 33.730 1003.764 2.485 269.517 423.930
177.375 28.936 34.464 1004.159 2.615 428.427 432.938
177.417 29.869 32.349 1004.461 2.403 595.571 429.716
177.458 30.099 31.925 1004.570 2.452 660.942 434.599
177.500 30.360 31.814 1004.377 2.595 827.760 435.380
177.542 30.263 31.898 1004.318 2.553 881.177 433.725
177.583 30.101 32.598 1003.404 3.472 773.055 431.789
177.625 30.205 31.957 1003.202 3.474 638.632 435.986
177.667 29.288 31.547 1002.439 3.767 499.493 437.821
177.708 28.218 31.856 1002.607 3.306 393.366 427.369
177.750 28.398 32.213 1002.716 1.346 185.609 427.253
177.792 28.347 32.455 1003.748 0.507 49.427 430.439
177.833 27.884 32.805 1003.991 0.463 0.472 426.689
177.875 27.572 32.481 1004.821 1.219 0.000 425.317
177.917 27.256 32.741 1005.065 2.395 0.000 426.682
177.958 27.179 32.862 1005.224 3.245 0.000 429.745
178.000 27.198 32.775 1004.905 3.066 0.000 433.899
178.042 26.991 32.531 1004.511 2.978 0.000 430.258
178.083 27.018 32.299 1004.117 2.881 0.000 433.769
178.125 26.985 32.102 1003.571 3.001 0.000 434.795
178.167 26.649 31.827 1003.328 3.114 0.000 433.566
178.208 26.615 31.849 1003.202 2.830 0.000 430.785
178.250 27.491 32.581 1003.580 3.079 1.705 424.674
178.292 27.975 33.192 1003.974 2.890 68.273 429.962
178.333 28.458 33.151 1004.637 3.170 218.948 430.699
178.375 28.845 33.572 1005.031 2.999 423.257 439.107
178.417 30.251 33.943 1005.232 2.766 479.595 439.779
178.458 30.508 33.341 1005.451 2.258 677.502 439.223
178.500 31.067 33.202 1005.425 2.082 760.684 440.270
178.542 31.243 32.828 1005.274 2.146 875.282 436.153
178.583 31.297 33.307 1004.628 2.528 870.330 432.757
178.625 30.814 33.327 1004.217 4.156 718.622 437.106
178.667 30.421 34.192 1004.033 5.110 568.400 434.513
178.708 30.207 34.471 1003.865 5.604 380.342 431.522
178.750 29.140 33.314 1004.301 2.718 227.454 429.810
178.792 28.960 32.878 1004.998 2.900 62.849 427.636
178.833 28.920 32.468 1005.979 3.977 0.526 429.788
178.875 28.766 32.345 1006.474 4.053 0.000 428.019
178.917 28.420 32.441 1006.457 4.585 0.000 424.566
178.958 28.286 32.628 1006.130 4.267 0.000 433.805
179.000 28.072 32.253 1006.231 4.302 0.000 432.866
179.042 27.827 32.448 1005.543 4.059 0.000 430.453
179.083 27.793 32.046 1004.998 3.923 0.000 439.736
179.125 27.345 32.003 1004.595 3.421 0.000 435.004
179.167 26.807 32.092 1004.838 2.848 0.000 426.978
179.208 26.730 32.026 1004.696 2.561 0.000 429.355
179.250 27.823 32.319 1005.266 2.464 1.524 433.863
179.292 27.768 32.976 1005.249 3.026 60.981 437.395
179.333 27.946 32.644 1005.887 3.356 169.684 440.472
179.375 27.983 32.946 1006.508 3.091 257.600 444.055
179.417 29.205 33.219 1006.457 2.909 441.722 434.433
179.458 29.844 33.912 1006.701 2.751 627.005 440.783
179.500 30.031 34.307 1006.290 2.556 810.964 441.448
179.542 29.749 32.154 1005.811 3.092 811.925 441.072
179.583 28.580 31.609 1005.593 3.936 724.771 436.492
179.625 29.023 31.997 1004.712 3.735 477.600 437.337
179.667 28.734 32.118 1004.301 3.285 348.618 440.732
179.708 28.980 32.862 1003.529 3.374 320.595 442.603
179.750 28.430 32.233 1003.043 1.754 150.838 452.254
179.792 28.244 31.990 1003.236 2.449 51.930 442.524
179.833 28.191 31.947 1004.142 2.595 0.490 446.815
179.875 28.149 31.898 1004.511 3.178 0.000 438.399
179.917 27.930 32.029 1004.595 3.642 0.000 432.599
179.958 27.782 31.951 1005.023 3.761 0.000 436.868
180.000 27.447 31.915 1004.494 3.384 0.000 431.992
180.042 26.981 31.918 1003.731 2.701 0.000 432.837
180.083 26.890 31.947 1003.009 2.258 0.000 430.142
180.125 26.716 32.075 1002.841 1.566 0.000 430.034
180.167 26.417 32.029 1002.632 1.287 0.000 435.141
180.208 26.807 32.075 1002.321 1.269 0.000 427.824
180.250 28.011 32.915 1002.657 1.573 1.542 431.183
180.292 28.288 33.229 1003.102 1.475 65.715 430.829
180.333 28.659 33.205 1003.294 1.415 243.688 434.376
180.375 29.023 33.046 1003.840 1.045 400.512 435.351
180.417 30.209 33.080 1003.420 1.351 607.724 435.921
180.458 30.553 34.029 1002.766 0.820 749.275 438.154
180.500 30.876 34.615 1002.372 0.974 809.894 442.033
180.542 31.825 33.947 1001.717 1.659 889.140 441.231
180.583 31.866 33.405 1001.214 2.199 782.686 444.576
180.625 30.965 34.196 1000.283 2.735 680.041 437.467
180.667 31.443 33.385 999.997 2.645 572.935 435.344
180.708 31.186 34.085 1000.081 2.662 367.664 438.522
180.750 29.278 34.286 999.469 2.382 194.370 434.903
180.792 29.322 34.572 1000.912 1.487 49.246 433.444
180.833 29.239 34.384 1001.415 1.977 0.526 433.068
180.875 29.160 34.175 1002.237 2.363 0.000 433.812
180.917 28.638 34.099 1002.665 2.301 0.000 436.037
180.958 28.519 34.140 1002.456 2.078 0.000 435.539
181.000 28.642 34.099 1001.893 2.666 0.000 436.507
181.042 28.383 33.967 1000.769 3.020 0.000 428.091
181.083 28.464 33.192 1000.341 2.977 0.000 430.576
181.125 28.470 33.337 999.695 3.167 0.000 434.289
181.167 28.116 33.494 999.796 3.352 0.000 433.805
181.208 28.062 33.375 999.645 3.060 0.000 428.402
181.250 28.584 33.057 1000.157 1.738 1.669 430.569
181.292 28.893 34.422 1000.996 1.936 72.463 433.140
