140  
214.0139   14.34   15.2116   839   0.9382   0   326.8
214.0347   14.33   15.4793   839   0.8504   0   347.5
214.0556   14.09   15.3691   838   0.2951   0   364.1
214.0764   14.67   15.7064   838   0.8847   0   362.9
214.0972   15.41   16.1574   838   0.187   0   333.8
214.1181   15.1   15.8216   838   0.2529   0   318.7
214.1389   14.02   15.1394   838   0.7658   0   311.8
214.1597   13.35   14.7695   838   0.8277   0   311.2
214.1806   12.56   14.3164   838   0.7459   0   313.3
214.2014   12.03   14.0507   838   0.3718   0   308.2
214.2222   11.64   13.6935   838   0.3375   0   310.9
214.2431   11.83   13.8665   838   0.9384   0   305.6
214.2639   11.23   13.3266   838   0.4852   0.2   306.2
214.2847   11.39   13.4688   838   0.7063   37.38   307.6
214.3056   12.94   14.8415   838   0.5758   125.8   313.5
214.3264   15.25   16.2002   839   0.0568   173.6   308.2
214.3472   17.66   17.1284   839   0.125   304.5   312.6
214.3681   19.81   17.8111   839   0.1956   406.9   317.5
214.3889   20.02   17.4545   839   0.1394   508.8   322.6
214.4097   21.76   17.5625   839   0.5057   608   326.4
214.4306   23.17   17.1349   839   0.5727   689.5   330.7
214.4514   24.15   16.779   839   0.7185   770.3   333.2
214.4722   25.04   15.4668   839   0.8693   824   338.1
214.4931   26.57   15.7618   839   0.5009   879   339.3
214.5139   26.6   14.3413   839   0.4326   926   340.1
214.5347   26.83   14.2754   839   0.6446   955   341.7
214.5556   27.43   14.9325   839   0.5863   962   343.9
214.5764   27.02   15.1492   838   0.7217   956   346
214.5972   27.38   14.2875   838   1.0012   941   344
214.6181   28.05   13.4245   838   0.417   908   345.4
214.6389   28.52   13.8156   838   0.7291   848   349.1
214.6597   29.32   12.9032   837   0.6748   786.1   352.1
214.6806   29.75   12.9129   837   0.3171   715.5   352.2
214.7014   30.25   11.4726   837   0.3718   628.9   351.4
214.7222   30.14   10.7847   837   0.6358   535.9   352
214.7431   31.4   11.9833   837   0.212   424.5   354
214.7639   32.47   14.7905   837   0.2924   322   356.1
214.7847   30.84   15.2351   837   0.3765   222.8   354.4
214.8056   29.4   16.6922   837   0.3848   131.1   353.6
214.8264   27   16.1188   837   0.5858   51.12   352.9
214.8472   24.08   17.569   837   0.8381   4.88   349.8
214.8681   21.42   18.8723   837   1.2848   0   367.2
214.8889   20   18.0664   837   1.1668   0   347.5
214.9097   20.92   15.776   838   1.1677   0   361.2
214.9306   20.34   14.8356   838   1.4051   0   378.6
214.9514   20.16   15.2972   838   1.2336   0   380.4
214.9722   19.49   14.9173   838   0.3217   0   351
214.9931   18.97   16.0668   838   0.3572   0   366.9
215.0139   17.68   15.8901   838   0.8137   0   346.9
215.0347   17.31   16.2207   838   0.6154   0   348.2
215.0556   17.12   16.5344   838   0.4889   0   349.8
215.0764   16.56   15.75   838   0.1186   0   335.4
215.0972   16.8   14.7352   838   0.5603   0   338
215.1181   16.63   14.8002   838   0.6665   0   332.8
215.1389   15.86   14.7922   837   0.7087   0   321.4
215.1597   15.27   14.8678   837   0.9514   0   320.3
215.1806   13.99   14.551   837   1.0606   0   322.7
215.2014   14.26   14.4503   837   0.4852   0   320.4
215.2222   14.68   14.2134   837   0.6953   0   320.9
215.2431   14.34   14.0515   837   0.6148   0   320
215.2639   14.8   14.3575   837   0.683   0.24   321.4
215.2847   13.41   14.0276   837   0.9896   27.13   320.7
215.3056   14.61   15.0139   837   0.9884   103.3   324.6
215.3264   16.45   16.7252   837   0.805   194.8   328.4
215.3472   19.38   17.9065   838   0.2108   296.2   330.1
215.3681   20.05   17.6698   838   0.6394   394.5   331.9
215.3889   23.85   18.898   838   0.7154   490.2   339.2
215.4097   23.34   18.5502   838   0.608   579.1   340.8
215.4306   23.8   18.7175   838   0.9772   670.9   343.3
215.4514   25.8   19.0468   837   0.7879   747.6   347.1
215.4722   26.12   18.0433   837   0.8754   817   349
215.4931   26.73   17.6932   837   0.9284   877   352.2
215.5139   27.84   15.328   837   1.1633   916   354.4
215.5347   28.99   14.833   837   0.7066   942   356
215.5556   29.92   14.6991   836   0.4411   949   357.6
215.5764   28.86   15.4569   836   0.3577   948   360.1
215.5972   29.47   15.2248   836   0.9068   928   361.3
215.6181   29.9   16.7616   835   0.5644   896   364.2
215.6389   30.11   16.8622   835   0.6821   836   365.8
215.6597   30.44   17.001   835   0.9396   774.1   366.4
215.6806   31.32   17.0245   834   0.8721   706.6   368.6
215.7014   31.32   15.9816   834   0.8979   623   369.5
215.7222   31.41   15.875   834   1.1406   529.6   371.1
215.7431   31.45   16.4594   834   1.1152   429.1   372.2
215.7639   31.54   17.7988   834   0.9074   329.8   373.1
215.7847   31.53   17.0619   834   0.76   225.5   374.3
215.8056   30.87   21.3067   834   0.6765   126.9   376.8
215.8264   27.49   19.3282   834   0.4509   22.7   380.7
215.8472   25.17   19.1253   834   0.4554   6.53   402.1
215.8681   24.65   18.7619   834   0.1739   0   379.2
215.8889   25.99   15.225   834   0.3921   0   392.8
215.9097   25.55   13.819   834   1.365   0   395.3
215.9306   24.76   14.577   834   0.6171   0   390
215.9514   24.95   14.7589   834   0.6157   0   387.6
215.9722   23.88   15.1735   834   0.633   0   373.8
215.9931   24.01   14.5939   834   1.1694   0   371.9
216.0139   24.71   14.1787   834   1.1802   0   362.6
216.0347   20.84   15.738   834   0.5845   0   355.2
216.0556   19.87   16.2982   834   0.3786   0   347
216.0764   19.67   15.4583   834   0.2544   0   343.2
216.0972   19.6   14.6433   833   0.6251   0   340.4
216.1181   18.53   14.7094   833   0.7274   0   337.3
216.1389   17.95   14.9406   833   0.5126   0   334.7
216.1597   17.72   14.6914   833   0.3683   0   333.3
216.1806   18.28   14.3169   833   0.7099   0   339.4
216.2014   17.49   14.214   833   0.6905   0   339.6
216.2222   16.99   14.2401   833   1.0355   0   332.6
216.2431   16.46   14.437   833   0.5707   0   328.4
216.2639   15.43   14.811   833   0.881   0.2   334
216.2847   15.82   15.4373   833   0.8061   31.6   337.3
216.3056   16.25   15.4422   833   1.0907   108.8   323.4
216.3264   17.59   16.8921   833   0.596   203.8   326.7
216.3472   19.98   17.2572   833   0.4951   303.1   331.5
216.3681   22.17   17.6625   833   0.7047   402   333.2
216.3889   23.82   17.9816   833   0.8263   502.3   339.6
216.4097   25.94   16.985   833   0.9155   595   345.7
216.4306   27.59   17.497   833   1.3847   681.4   352.3
216.4514   29.01   18.3323   833   1.4921   758.9   358.4
216.4722   30.33   18.347   832   1.2043   821   361
216.4931   31.28   18.1678   832   0.9701   874   364.5
216.5139   31.65   17.8914   832   0.8038   909   369.3
216.5347   32.41   17.2898   832   0.5124   939   368.2
216.5556   32.6   17.2545   832   0.3468   946   372.5
216.5764   32.13   18.5418   831   0.6557   939   376.7
216.5972   32.2   17.3123   831   0.9134   919   377.8
216.6181   32.34   16.8099   832   1.5332   893   376.7
216.6389   32.93   17.2167   830   2.1409   839   377.3
216.6597   32.91   17.1424   830   2.0849   778.4   378.4
216.6806   33.01   16.8615   830   2.0762   709.6   378.5
216.7014   33.12   17.1582   830   2.1532   618.9   380.7
216.7222   32.68   16.0184   830   1.9661   521.4   381.2
216.7431   32.49   15.7699   830   2.656   427.1   379.9
216.7639   31.86   15.2615   829   2.5565   332.8   377.3
216.7847   31.66   14.6001   829   2.6085   233.9   377.9
216.8056   30.84   14.9591   830   2.4949   134.6   379.4
216.8264   29.9   14.5725   830   1.8788   51.79   375.3
216.8472   28.63   14.4606   830   1.6017   6.17   371.6
216.8681   28.13   13.8945   830   1.8762   0   369.3
216.8889   27.1   13.5675   831   1.5961   0   366
216.9097   26.57   13.5931   831   0.8835   0   365.1
216.9306   26.04   13.4442   831   1.2004   0   360.6
216.9514   25.08   13.1998   831   1.52   0   354
216.9722   25.25   12.2345   832   1.8615   0   350.5
216.9931   25.33   11.8665   832   2.5527   0   348.5
217.0139   24.34   11.9078   832   3.0121   0   343.5
217.0347   21.82   12.8267   832   1.6431   0   340.6
217.0556   20   13.1547   832   1.3302   0   339.5
217.0764   20.89   13.1859   832   1.7262   0   340
217.0972   19.64   13.2508   832   1.1803   0   339.1
217.1181   20.92   12.2774   832   1.1066   0   336.2
217.1389   20.48   12.9752   832   0.1772   0   333.8
217.1597   17.68   12.7472   832   0.9413   0   332.8
217.1806   18.23   13.0347   832   0.57   0   335.8
217.2014   15.99   13.7383   832   1.1992   0   334.2
217.2222   15.46   13.9702   832   1.2034   0   332.4
217.2431   15.12   13.8489   832   1.5218   0   327.7
217.2639   15.43   13.4754   833   0.3487   0   321.6
217.2847   15.24   13.1561   833   0.6445   28.08   325.5
217.3056   20.17   12.9347   833   1.2887   104.9   333.7
217.3264   20.69   13.6979   834   2.0597   198.1   334.1
217.3472   22.52   13.0222   834   1.681   293   345
217.3681   22.96   14.1027   835   2.7294   375.7   348.1
217.3889   23.61   15.7509   835   2.5167   464.9   351.9
217.4097   24.33   16.5227   835   1.9433   556   356.3
217.4306   25.63   16.6991   835   2.1346   629   362.2
217.4514   25.99   15.8867   835   1.3285   709   364.9
217.4722   25.93   15.894   835   2.2   781.7   362.8
217.4931   26.28   15.9458   835   2.4587   835   365.5
217.5139   26.75   16.2773   835   2.368   851   370.9
217.5347   27.13   16.332   835   2.4999   877   371.5
217.5556   27.34   16.494   835   2.6373   892   371.4
217.5764   27.32   16.3549   835   2.5409   888   371.2
217.5972   27.49   16.2872   835   2.4437   863   372.7
217.6181   27.74   16.1619   835   2.4852   834   371.7
217.6389   28.13   16.381   835   2.3325   794.4   371.4
217.6597   28.36   16.7056   835   1.9863   735.1   372.2
217.6806   28.79   17.0047   834   1.9447   665.4   374.4
217.7014   29.26   16.6881   834   1.3122   586.8   375.6
217.7222   29.68   17.1425   834   1.0058   491.9   378.2
217.7431   29.49   16.9932   834   1.0167   380.5   382.6
217.7639   28.97   17.9302   834   1.1249   272.2   383.7
217.7847   28.23   17.7443   834   1.0269   182.3   383.8
217.8056   27.37   17.2006   835   1.0143   75.95   389.5
217.8264   26.61   15.9697   835   0.9377   22.27   406.9
217.8472   26.65   14.4045   835   0.9651   1.62   404.8
217.8681   26.32   14.4149   835   1.2964   0   407.6
217.8889   25.56   15.1697   836   0.7234   0   385
217.9097   23.38   17.2068   836   0.3109   0   417
217.9306   22.14   17.8542   836   0.6292   0   416.5
217.9514   22.83   16.775   836   0.6222   0   406
217.9722   24.04   14.7398   836   0.7577   0   387
217.9931   23.46   14.5638   837   3.328   0   404.1
218.0139   23.04   14.1007   837   3.0447   0   394.7
218.0347   22.71   13.9101   837   3.491   0   372
218.0556   22.04   13.8506   837   3.3199   0   373.8
218.0764   21.25   13.7885   837   2.8501   0   362.3
218.0972   20.46   13.8106   838   2.1175   0   364.6
218.1181   20.09   13.6749   837   1.5877   0   366.3
218.1389   19.74   13.5955   838   1.5695   0   349.7
218.1597   18.82   14.0901   838   1.2251   0   345.9
218.1806   18.7   13.8058   838   0.5933   0   344.3
218.2014   18.1   14.0854   838   0.7172   0   340.9
218.2222   17.78   13.9126   838   0.3204   0   339.7
218.2431   15.59   14.4856   838   0.3105   0   337.8
218.2639   15.06   14.5486   839   0.8918   0   336.8
218.2847   15.77   14.564   839   0.731   17.47   334.4
218.3056   16.61   14.3524   839   0.6015   77.23   334.4
218.3264   17.74   15.1382   839   0.338   160.6   335.2
218.3472   17.85   15.1392   840   0.5413   248.5   336.5
218.3681   18.34   15.2499   840   1.6168   353.5   338.6
218.3889   18.96   15.8158   840   2.0493   440.4   341.7
218.4097   19.27   15.7691   840   1.8608   539.3   342.4
218.4306   19.84   15.6985   840   1.9332   626.2   345.3
218.4514   20.48   15.7325   840   1.5476   704.4   347.6
218.4722   21.17   15.6231   840   1.3503   783.2   352
218.4931   21.25   15.8464   840   1.2128   558.4   387.3
218.5139   21.85   15.7105   840   1.4513   631.9   393.3
218.5347   22.42   16.4036   840   1.4586   685.8   388.6
218.5556   22.49   16.2475   839   1.8233   558.2   398.6
218.5764   22.57   16.176   839   1.7501   397.5   402.8
218.5972   22.49   16.0078   839   1.6869   289.3   404
218.6181   22.56   16.1936   839   1.7425   264.9   404.3
218.6389   22.43   16.4597   839   1.62   275.5   403.5
218.6597   22.4   16.5462   839   2.0183   259.6   403.6
218.6806   22.05   16.0783   839   2.0446   172.4   403
218.7014   22.1   15.981   839   1.8946   171.1   403.3
218.7222   21.83   15.6129   839   1.7845   82   403.3
218.7431   21.61   15.4793   839   1.7086   59.69   402.7
218.7639   21.35   15.4382   839   1.3654   37.67   402.4
218.7847   21.22   15.9432   839   0.9335   25.45   402
218.8056   20.73   17.2337   839   0.4689   10.65   401.3
218.8264   20.84   16.0187   839   0.3108   5.16   401.2
218.8472   20.37   16.1714   840   0.3574   0.37   398.5
218.8681   20.02   16.1507   840   0.1991   0   399.1
218.8889   19.94   16.1152   840   0.5162   0   397.7
218.9097   19.87   16.1405   841   0.7944   0   397.5
218.9306   19.88   15.2293   841   1.1483   0   396.9
218.9514   19.84   14.8097   841   1.117   0   394.6
218.9722   19.34   15.4744   841   0.5059   0   394.2
218.9931   18.89   15.6137   841   0.3148   0   393.7
