152
175.000 26.811 16.716 992.262 2.185 0.000 377.691
175.042 26.874 16.921 992.254 1.499 0.000 373.508
175.083 27.528 16.587 992.548 1.252 0.000 370.207
175.125 26.898 16.528 992.673 0.914 0.000 366.913
175.167 24.670 17.131 993.026 0.855 0.000 364.565
175.208 22.695 17.771 993.110 1.095 0.490 362.246
175.250 28.211 16.552 993.554 0.787 52.093 362.326
175.292 28.837 17.381 994.133 0.614 189.763 365.988
175.333 28.956 18.085 993.940 0.629 365.686 371.074
175.375 29.395 18.191 993.840 1.277 544.984 377.460
175.417 36.241 15.377 993.722 2.600 704.202 384.040
175.458 37.008 15.091 993.739 4.148 826.472 389.986
175.500 37.740 13.792 993.311 5.297 904.703 393.973
175.542 39.950 11.437 992.749 5.865 926.396 395.837
175.583 40.079 11.312 992.581 6.150 882.501 395.721
175.625 40.272 11.117 992.086 6.075 795.401 390.592
175.667 39.482 11.503 991.717 5.908 660.180 388.685
175.708 39.733 11.060 991.608 5.529 483.749 386.749
175.750 36.267 10.892 991.994 4.589 296.942 385.897
175.792 35.808 10.285 992.480 3.215 126.116 383.629
175.833 34.802 9.789 993.059 2.355 17.739 378.919
175.875 33.705 9.582 993.663 3.045 0.000 375.885
175.917 31.467 10.486 994.142 3.042 0.000 371.775
175.958 27.872 13.620 994.351 2.563 0.000 369.694
176.000 27.297 14.194 994.637 2.164 0.000 366.927
176.042 28.833 14.383 994.301 1.530 0.000 364.811
176.083 28.936 13.853 994.603 0.865 0.000 363.655
176.125 26.532 14.604 994.544 1.688 0.000 364.421
176.167 23.211 15.179 995.106 1.878 0.000 365.627
176.208 23.359 16.274 995.283 2.126 0.472 366.732
176.250 28.954 18.832 995.442 1.801 49.790 369.947
176.292 28.881 21.416 996.314 1.793 177.320 375.704
176.333 28.657 22.366 996.314 2.223 329.881 383.152
176.375 28.543 22.232 996.205 2.234 461.366 392.564
176.417 32.940 23.318 996.012 2.444 569.398 402.107
176.458 33.584 23.090 995.744 2.764 704.510 409.576
176.500 34.420 22.847 995.182 3.046 805.631 415.110
176.542 35.597 21.054 994.385 3.538 791.520 423.172
176.583 36.204 19.352 993.454 3.992 689.346 428.799
176.625 36.281 17.901 993.143 4.771 592.288 428.727
176.667 35.136 17.154 993.177 3.828 363.836 423.432
176.708 34.974 17.427 993.059 3.732 305.884 420.029
176.750 31.085 18.552 992.925 4.405 200.392 406.947
176.792 30.733 17.844 993.345 4.067 92.179 405.141
176.833 30.241 17.561 993.974 3.394 13.513 399.319
176.875 29.733 17.773 994.519 1.972 0.000 392.225
176.917 27.954 18.682 994.737 1.541 0.000 384.727
176.958 24.739 19.472 994.578 1.546 0.000 378.558
177.000 24.389 19.756 994.150 1.580 0.000 372.793
177.042 23.746 20.333 993.630 1.431 0.000 374.014
177.083 23.863 20.468 993.353 1.324 0.000 372.425
177.125 23.501 20.608 992.699 1.405 0.000 376.730
177.167 22.204 20.631 992.824 1.298 0.000 372.779
177.208 22.246 20.794 992.791 0.978 0.381 375.184
177.250 25.447 22.815 993.101 1.432 38.979 372.952
177.292 25.223 23.275 993.235 1.173 147.845 372.721
177.333 25.300 22.992 992.967 1.072 273.090 379.612
177.375 25.874 22.486 992.279 1.258 420.519 399.897
177.417 29.695 22.239 991.482 1.446 606.400 402.743
177.458 29.893 22.156 990.735 1.976 758.707 396.704
177.500 30.628 21.950 989.821 2.458 855.475 403.003
177.542 32.097 20.193 988.554 2.780 877.169 401.515
177.583 33.157 19.536 987.094 2.962 865.615 403.277
177.625 34.153 18.933 986.499 3.347 755.769 403.682
177.667 32.617 18.952 987.229 4.745 452.823 417.407
177.708 29.351 19.797 988.319 4.652 241.911 417.942
177.750 24.221 20.957 988.688 2.747 130.469 415.124
177.792 25.190 21.173 988.613 2.325 58.659 409.808
177.833 24.533 21.957 988.202 1.030 10.357 400.597
177.875 24.624 23.038 988.378 1.071 0.000 403.465
177.917 24.225 23.721 988.646 1.044 0.000 402.627
177.958 22.230 22.820 988.026 1.291 0.000 401.984
178.000 21.886 23.065 987.707 1.124 0.000 391.069
178.042 21.481 22.935 987.531 1.116 0.000 381.657
178.083 20.947 22.784 987.900 1.336 0.000 374.527
178.125 20.710 22.950 987.690 1.172 0.000 361.213
178.167 19.385 22.097 987.690 0.974 0.000 359.191
178.208 19.411 22.139 987.883 1.001 0.399 357.573
178.250 23.733 22.404 989.284 1.576 48.901 357.739
178.292 24.935 21.842 989.410 1.092 178.572 362.456
178.333 25.773 20.936 989.326 0.732 346.369 369.651
178.375 26.137 20.550 988.965 0.201 536.440 377.720
178.417 31.237 20.426 988.739 1.078 694.389 386.858
178.458 33.029 19.789 988.747 2.001 814.265 395.367
178.500 33.266 20.470 988.378 2.560 886.510 403.155
178.542 36.575 18.882 987.396 2.628 881.576 410.306
178.583 36.919 18.643 986.767 2.902 813.340 416.367
178.625 37.012 18.167 986.599 3.653 721.179 413.434
178.667 37.584 17.157 986.557 4.133 590.837 404.765
178.708 37.540 16.735 986.339 4.148 429.352 410.313
178.750 33.483 19.204 987.111 3.454 257.763 409.345
178.792 32.995 18.668 987.044 2.454 108.921 402.324
178.833 32.777 18.965 986.818 2.582 18.066 386.973
178.875 32.321 18.287 987.338 2.685 0.000 381.548
178.917 31.148 17.468 988.319 2.853 0.000 385.709
178.958 28.436 18.956 988.177 2.156 0.000 386.518
179.000 27.349 19.314 988.151 1.474 0.000 373.320
179.042 28.614 18.884 988.017 1.180 0.000 375.892
179.083 27.803 19.133 987.984 1.260 0.000 379.916
179.125 27.273 18.740 987.866 0.530 0.000 381.801
179.167 26.346 19.388 988.210 0.831 0.000 383.556
179.208 24.697 20.347 988.093 1.418 0.254 386.612
179.250 26.024 20.975 988.353 1.166 36.150 385.724
179.292 26.995 20.504 988.999 1.060 141.969 384.272
179.333 27.736 20.586 989.083 0.968 195.168 405.184
179.375 28.137 20.134 988.747 0.917 260.430 414.987
179.417 29.254 19.705 988.814 1.045 374.230 417.342
179.458 26.959 20.929 989.494 0.324 295.709 428.105
179.500 23.841 23.845 989.888 0.667 235.961 418.960
179.542 22.833 24.673 989.443 2.199 111.387 411.144
179.583 23.304 23.365 989.276 2.826 163.952 410.046
179.625 24.009 22.534 988.202 2.531 87.191 419.849
179.667 26.186 22.359 988.328 3.212 341.363 400.164
179.708 27.060 22.142 988.210 3.338 282.958 400.576
179.750 24.549 20.957 988.051 3.370 171.334 403.133
179.792 24.411 21.599 988.084 2.304 105.184 385.153
179.833 23.610 23.283 989.007 1.179 15.835 379.901
179.875 23.476 23.325 988.948 1.283 0.000 371.334
179.917 22.380 22.823 988.730 1.255 0.000 363.966
179.958 20.186 21.988 988.428 0.817 0.000 359.140
180.000 20.032 22.189 988.051 1.331 0.000 353.679
180.042 19.320 21.948 987.665 1.215 0.000 346.723
180.083 19.235 21.617 987.539 1.065 0.000 344.021
180.125 19.280 21.678 987.229 1.151 0.000 343.660
180.167 18.225 20.457 987.371 1.247 0.000 341.355
180.208 18.438 20.250 987.950 1.287 0.326 339.376
180.250 23.650 22.215 988.562 1.919 50.116 338.365
180.292 24.966 22.375 988.437 1.340 188.620 340.236
180.333 25.808 22.165 988.739 0.708 367.954 345.906
180.375 26.046 21.045 988.403 0.360 551.513 353.275
180.417 31.900 20.077 988.051 0.379 713.634 360.737
180.458 32.218 18.789 987.749 0.236 838.625 366.985
180.500 32.455 18.527 987.178 0.228 912.919 371.507
180.542 35.982 15.076 986.239 0.103 928.808 375.249
180.583 36.304 14.813 985.534 0.327 887.997 378.095
180.625 36.652 14.161 984.812 0.946 793.388 383.174
180.667 37.153 14.022 984.418 1.925 654.811 383.116
180.708 36.791 14.311 983.982 2.939 484.764 381.765
180.750 32.908 14.173 984.770 3.322 295.999 379.273
180.792 32.777 12.436 984.653 2.837 131.775 371.941
180.833 31.971 12.912 985.081 2.491 18.483 367.643
180.875 30.891 13.236 985.232 2.479 0.000 366.566
180.917 28.808 14.094 985.853 3.222 0.000 361.004
180.958 25.464 15.453 985.920 2.926 0.000 359.039
181.000 24.992 15.139 985.752 2.790 0.000 356.099
181.042 23.618 15.791 985.349 2.223 0.000 352.812
181.083 26.087 15.171 985.182 1.277 0.000 349.236
181.125 25.277 15.137 985.265 0.406 0.000 345.336
181.167 20.834 16.102 985.660 0.665 0.000 343.761
181.208 20.103 16.447 985.945 1.275 0.290 341.283
181.250 25.664 17.980 986.365 1.394 50.243 339.932
181.292 27.056 18.902 986.406 0.822 190.089 342.554
