0.4 0.027427
0.401 0.027427
0.402 0.027435
0.403 0.027442
0.404 0.026453
0.405 0.027395999999999997
0.406 0.027409
0.40700000000000003 0.027404
0.40800000000000003 0.027416000000000097
0.40900000000000003 0.029159
0.41000000000000003 0.02915899999999995
0.41100000000000003 0.028224000000000096
0.41200000000000003 0.029957999999999946
0.41300000000000003 0.029029
0.41400000000000003 0.02903599999999994
0.41500000000000004 0.02803399999999995
0.41600000000000004 0.027164000000000153
0.41700000000000004 0.029909999999999846
0.41800000000000004 0.0271090000000001
0.41900000000000004 0.028875999999999947
0.42000000000000004 0.02794400000000005
0.42100000000000004 0.028828999999999945
0.42200000000000004 0.027884000000000003
0.42300000000000004 0.02786200000000005
0.42400000000000004 0.028781000000000098
0.42500000000000004 0.03056899999999985
0.42600000000000005 0.02784800000000005
0.42700000000000005 0.028719
0.42800000000000005 0.028705999999999947
0.42900000000000005 0.027780000000000048
0.43000000000000005 0.028641999999999897
0.43100000000000005 0.026768999999999998
0.43200000000000005 0.026785
0.43300000000000005 0.026779999999999998
0.43400000000000005 0.026774000000000048
0.43500000000000005 0.027633
0.43600000000000005 0.027613000000000044
0.43700000000000006 0.028395
0.43800000000000006 0.028431
0.43900000000000006 0.028450000000000003
0.44000000000000006 0.028430999999999998
0.44100000000000006 0.02833600000000005
0.44200000000000006 0.029184
0.44300000000000006 0.029195
0.44400000000000006 0.029148999999999998
0.44500000000000006 0.029183999999999946
0.44600000000000006 0.02822600000000005
0.44700000000000006 0.02913800000000005
0.44800000000000006 0.029988999999999946
0.44900000000000007 0.029041999999999898
0.45000000000000007 0.027211000000000093
0.45100000000000007 0.028856000000000003
0.45200000000000007 0.028856000000000003
0.45300000000000007 0.028824000000000006
0.45400000000000007 0.02889599999999995
0.45500000000000007 0.027963000000000043
0.45600000000000007 0.028780999999999998
0.4570000000000001 0.028809000000000043
0.4580000000000001 0.029608000000000044
0.4590000000000001 0.030425999999999922
0.4600000000000001 0.029011999999999944
0.4610000000000001 0.028043
0.4620000000000001 0.028028
0.4630000000000001 0.028012999999999996
0.4640000000000001 0.027952000000000043
0.4650000000000001 0.028771
0.4660000000000001 0.028771000000000005
0.4670000000000001 0.028838
0.4680000000000001 0.028871
0.4690000000000001 0.02883800000000019
0.4700000000000001 0.030558000000000002
0.4710000000000001 0.030557999999999794
0.4720000000000001 0.0286939999999999
0.4730000000000001 0.027761999999999988
0.4740000000000001 0.027676000000000086
0.4750000000000001 0.028480000000000002
0.4760000000000001 0.028536999999999903
0.4770000000000001 0.0276629999999999
0.4780000000000001 0.026731999999999995
0.4790000000000001 0.026699000000000007
0.4800000000000001 0.026732000000000092
0.4810000000000001 0.02759100000000001
0.4820000000000001 0.027681
0.4830000000000001 0.027662999999999983
0.4840000000000001 0.027519000000000002
0.4850000000000001 0.027501999999999995
0.4860000000000001 0.027466000000000098
0.4870000000000001 0.028352999999999896
0.4880000000000001 0.027393
0.4890000000000001 0.027375000000000003
0.4900000000000001 0.027411999999999798
0.4910000000000001 0.0255850000000002
0.4920000000000001 0.027393
0.4930000000000001 0.027375000000000003
0.4940000000000001 0.027411999999999787
0.4950000000000001 0.02550100000000001
0.4960000000000001 0.025585000000000205
0.4970000000000001 0.0274120000000001
0.4980000000000001 0.028281999999999998
0.4990000000000001 0.028281999999999995
0.5000000000000001 0.028240999999999995
0.5010000000000001 0.028182000000000006
0.5020000000000001 0.028221000000000183
0.5030000000000001 0.0299149999999998
0.5040000000000001 0.02809600000000001
0.5050000000000001 0.028161999999999802
0.5060000000000001 0.0264000000000002
0.5070000000000001 0.02818199999999979
0.5080000000000001 0.02629
0.5090000000000001 0.02629
0.5100000000000001 0.026307999999999998
0.5110000000000001 0.026307999999999998
0.5120000000000001 0.02630800000000001
0.5130000000000001 0.02639999999999999
0.5140000000000001 0.026290000000000188
0.5150000000000001 0.027968000000000007
0.5160000000000001 0.028011000000000008
0.5170000000000001 0.02807499999999999
0.5180000000000001 0.027968000000000014
0.5190000000000001 0.028081999999999795
0.5200000000000001 0.026236000000000086
0.5210000000000001 0.026991
0.5220000000000001 0.02701100000000012
0.5230000000000001 0.02811699999999999
0.5240000000000001 0.0279889999999999
0.5250000000000001 0.027052
0.5260000000000001 0.027052000000000107
0.5270000000000001 0.028001
0.5280000000000001 0.028010999999999706
0.5290000000000001 0.025373999999999994
0.5300000000000001 0.025322000000000188
0.5310000000000001 0.026991000000000088
0.5320000000000001 0.027781999999999994
0.5330000000000001 0.02775999999999991
0.5340000000000001 0.026951000000000006
0.5350000000000001 0.027010999999999997
0.5360000000000001 0.026991000000000008
0.5370000000000001 0.02707199999999999
0.5380000000000001 0.026991000000000095
0.5390000000000001 0.027846999999999907
0.5400000000000001 0.027010999999999893
0.5410000000000001 0.026039
0.5420000000000001 0.026039000000000187
0.5430000000000001 0.027716999999999912
0.5440000000000002 0.026929999999999902
0.5450000000000002 0.026057999999999998
0.5460000000000002 0.026039000000000187
0.5470000000000002 0.0277169999999999
0.5480000000000002 0.026850000000000103
0.5490000000000002 0.027758
0.5500000000000002 0.027799999999999988
0.5510000000000002 0.02773699999999989
0.5520000000000002 0.0267700000000001
0.5530000000000002 0.027632999999999998
0.5540000000000002 0.027613
0.5550000000000002 0.0276129999999999
0.5560000000000002 0.02672999999999999
0.5570000000000002 0.02665099999999982
0.5580000000000002 0.025033000000000333
0.5590000000000002 0.02803199999999988
0.5600000000000002 0.026932999999999905
0.5610000000000002 0.02609700000000009
0.5620000000000002 0.026911999999999995
0.5630000000000002 0.026869999999999984
0.5640000000000002 0.026807999999999797
0.5650000000000002 0.025898000000000202
0.5660000000000002 0.026808000000000002
0.5670000000000002 0.026807999999999974
0.5680000000000002 0.026684000000000187
0.5690000000000002 0.027523999999999816
0.5700000000000002 0.026684000000000013
0.5710000000000002 0.02674599999999984
0.5720000000000002 0.026019000000000028
0.5730000000000002 0.02613600000000023
0.5740000000000002 0.027166000000000013
0.5750000000000002 0.02723100000000001
0.5760000000000002 0.027274000000000017
0.5770000000000002 0.027360000000000006
0.5780000000000002 0.027381999999999764
0.5790000000000002 0.026325000000000185
0.5800000000000002 0.027166000000000037
0.5810000000000002 0.027317000000000004
0.5820000000000002 0.02733899999999981
0.5830000000000002 0.02647300000000038
0.5840000000000002 0.028200999999999792
0.5850000000000002 0.027252000000000005
0.5860000000000002 0.027274000000000007
0.5870000000000002 0.02731699999999986
0.5880000000000002 0.02668200000000016
0.5890000000000002 0.027404000000000015
0.5900000000000002 0.027469999999999977
0.5910000000000002 0.02735999999999981
0.5920000000000002 0.026493000000000197
0.5930000000000002 0.02738200000000019
0.5940000000000002 0.02824599999999978
0.5950000000000002 0.027251999999999995
0.5960000000000002 0.027231000000000224
0.5970000000000002 0.028226999999999586
0.5980000000000002 0.026352999999999974
0.5990000000000002 0.026233999999999983
0.6000000000000002 0.026156000000000165
0.6010000000000002 0.02689099999999998
0.6020000000000002 0.026807999999999988
0.6030000000000002 0.02674600000000018
0.6040000000000002 0.0275669999999998
0.6050000000000002 0.026662999999999996
0.6060000000000002 0.02664299999999982
0.6070000000000002 0.02584700000000019
0.6080000000000002 0.026684000000000006
0.6090000000000002 0.026703999999999995
0.6100000000000002 0.026684000000000388
0.6110000000000002 0.02842899999999962
0.6120000000000002 0.026704000000000012
0.6130000000000002 0.02676600000000001
0.6140000000000002 0.02680800000000001
0.6150000000000002 0.026849000000000175
0.6160000000000002 0.027652999999999782
0.6170000000000002 0.02666300000000001
0.6180000000000002 0.026703999999999836
0.6190000000000002 0.025962000000000197
0.6200000000000002 0.026848999999999998
0.6210000000000002 0.026848999999999998
0.6220000000000002 0.026848999999999998
0.6230000000000002 0.02684900000000019
0.6240000000000002 0.027701999999999612
0.6250000000000002 0.025957999999999985
0.6260000000000002 0.02587799999999999
0.6270000000000002 0.02583900000000001
0.6280000000000002 0.02589800000000001
0.6290000000000002 0.025958000000000207
0.6300000000000002 0.02687000000000002
0.6310000000000002 0.026970999999999978
0.6320000000000002 0.026869999999999977
0.6330000000000002 0.026766000000000206
0.6340000000000002 0.027695999999999627
0.6350000000000002 0.026019000000000216
0.6360000000000002 0.026970999999999794
0.6370000000000002 0.026057999999999956
0.6380000000000002 0.0258660000000002
0.6390000000000002 0.02678999999999979
0.6400000000000002 0.02584700000000018
0.6410000000000002 0.026650999999999998
0.6420000000000002 0.026643000000000014
0.6430000000000002 0.026703999999999808
0.6440000000000002 0.025839000000000185
0.6450000000000002 0.026683999999999992
0.6460000000000002 0.02664300000000002
0.6470000000000002 0.026746000000000006
0.6480000000000002 0.02678700000000002
0.6490000000000002 0.026869999999999998
0.6500000000000002 0.026869999999999995
0.6510000000000002 0.026848999999999807
0.6520000000000002 0.02598099999999998
0.6530000000000002 0.025884999999999988
0.6540000000000002 0.025847
0.6550000000000002 0.025828000000000025
0.6560000000000002 0.02592300000000002
0.6570000000000003 0.026019000000000174
0.6580000000000003 0.026808000000000012
0.6590000000000003 0.026870000000000012
0.6600000000000003 0.026933
0.6610000000000003 0.02692999999999998
0.6620000000000003 0.02685
0.6630000000000003 0.026849999999999978
0.6640000000000003 0.02675
0.6650000000000003 0.02674999999999981
0.6660000000000003 0.025885000000000012
0.6670000000000003 0.025942000000000007
0.6680000000000003 0.02598100000000021
0.6690000000000003 0.02692999999999999
0.6700000000000003 0.026869999999999977
0.6710000000000003 0.02676600000000002
0.6720000000000003 0.0268500000000002
0.6730000000000003 0.027759999999999996
0.6740000000000003 0.027759999999999996
0.6750000000000003 0.027759999999999816
0.6760000000000003 0.026929999999999978
0.6770000000000003 0.026830000000000007
0.6780000000000003 0.026869999999999998
0.6790000000000003 0.02686999999999998
0.6800000000000003 0.026790000000000022
0.6810000000000003 0.026889999999999428
0.6820000000000003 0.024311000000000572
0.6830000000000003 0.02689
0.6840000000000003 0.02688999999999998
0.6850000000000003 0.02679000000000001
0.6860000000000003 0.02684999999999999
0.6870000000000003 0.02678999999999963
0.6880000000000003 0.025134000000000004
0.6890000000000003 0.025151000000000014
0.6900000000000003 0.025185000000000554
0.6910000000000003 0.026849999999999704
0.6920000000000003 0.025961999999999444
0.6930000000000003 0.024294000000000305
0.6940000000000003 0.025219000000000002
0.6950000000000003 0.025219000000000297
0.6960000000000003 0.02610999999999971
0.6970000000000003 0.025236000000000026
0.6980000000000003 0.02532200000000041
0.6990000000000003 0.02655300000000029
0.7000000000000003 0.027428999999999967
0.7010000000000003 0.02732700000000002
0.7020000000000003 0.027388000000000013
0.7030000000000003 0.027428999999999468
0.7040000000000003 0.025827000000000547
0.7050000000000003 0.027468999999999168
0.7060000000000003 0.024966000000000824
0.7070000000000003 0.027448999999999994
0.7080000000000003 0.027428999999999464
0.7090000000000003 0.025810000000000537
0.7100000000000003 0.027428999999999454
0.7110000000000003 0.02579199999999999
0.7120000000000003 0.025757000000000606
0.7130000000000003 0.027579000000000017
0.7140000000000003 0.027635999999999935
0.7150000000000003 0.027448999999999425
0.7160000000000003 0.025722999999999982
0.7170000000000003 0.025671
0.7180000000000003 0.025671000000000013
0.7190000000000003 0.02570499999999971
0.7200000000000003 0.0248330000000005
0.7210000000000003 0.026339999999999787
0.7220000000000003 0.02570500000000114
0.7230000000000003 0.029130999999999463
0.7240000000000003 0.027521999999999398
0.7250000000000003 0.025705
0.7260000000000003 0.025705000000000592
0.7270000000000003 0.027483999999999426
0.7280000000000003 0.025756999999999995
0.7290000000000003 0.025740000000000304
0.7300000000000003 0.02665800000000029
0.7310000000000003 0.027522000000000005
0.7320000000000003 0.027540999999999954
0.7330000000000003 0.027389999999999734
0.7340000000000003 0.026589000000000286
0.7350000000000003 0.027445999999999984
0.7360000000000003 0.027389999999999713
0.7370000000000003 0.026536999999999696
0.7380000000000003 0.025619000000000343
0.7390000000000003 0.02664100000000023
0.7400000000000003 0.027334000000000015
0.7410000000000003 0.02737100000000027
0.7420000000000003 0.028178999999999458
0.7430000000000003 0.026554000000000272
0.7440000000000003 0.027371000000000315
0.7450000000000003 0.02831499999999941
0.7460000000000003 0.02653700000000029
0.7470000000000003 0.027401000000000012
0.7480000000000003 0.027436999999999982
0.7490000000000003 0.02738299999999971
0.7500000000000003 0.02650300000000031
0.7510000000000003 0.027437000000000017
0.7520000000000003 0.02749199999999998
0.7530000000000003 0.027437000000000017
0.7540000000000003 0.027491999999999978
0.7550000000000003 0.02741899999999973
0.7560000000000003 0.02660599999999995
0.7570000000000003 0.026451000000000287
0.7580000000000003 0.027315999999999764
0.7590000000000003 0.026605999999999966
0.7600000000000003 0.026502999999999752
0.7610000000000003 0.025758000000000277
0.7620000000000003 0.026588999999999703
0.7630000000000003 0.025695000000000294
0.7640000000000003 0.026574000000000046
0.7650000000000003 0.026707999999999697
0.7660000000000003 0.025805999999999944
0.7670000000000003 0.025632000000000574
0.7680000000000003 0.02734799999999972
0.7690000000000003 0.026508000000000018
0.7700000000000004 0.026558000000000023
0.7710000000000004 0.02662399999999996
0.7720000000000004 0.02650799999999969
0.7730000000000004 0.025585000000000052
0.7740000000000004 0.02574000000000026
0.7750000000000004 0.026525000000000024
0.7760000000000004 0.026607999999999937
0.7770000000000004 0.02642600000000001
0.7780000000000004 0.026459000000000028
0.7790000000000004 0.02654100000000032
0.7800000000000004 0.027505999999999732
0.7810000000000004 0.02671200000000027
0.7820000000000004 0.027523
0.7830000000000004 0.027522999999999725
0.7840000000000004 0.02669099999999997
0.7850000000000004 0.026607999999999955
0.7860000000000004 0.026475000000000016
0.7870000000000004 0.026525000000000007
0.7880000000000004 0.026558000000000023
0.7890000000000004 0.02662399999999976
0.7900000000000004 0.025907999999999487
0.7910000000000004 0.024368000000000792
0.7920000000000004 0.026761000000000017
0.7930000000000004 0.026809000000000305
0.7940000000000004 0.027727999999999677
0.7950000000000004 0.026760999999999965
0.7960000000000004 0.026648999999999985
0.7970000000000004 0.026608000000000034
0.7980000000000004 0.026712
0.7990000000000004 0.026712
0.8000000000000004 0.026714
0.8010000000000004 0.026720500000000005
0.8020000000000004 0.026727000000000004
0.8030000000000004 0.0267335
0.8040000000000004 0.02673999999999979
0.8050000000000004 0.02611124999999979
0.8060000000000004 0.02548249999999979
0.8070000000000004 0.02485374999999979
0.8080000000000004 0.024225000000000215
0.8090000000000004 0.024873750000000215
0.8100000000000004 0.025522500000000215
0.8110000000000004 0.026171250000000215
0.8120000000000004 0.026819999999999854
0.8130000000000004 0.026378749999999843
0.8140000000000004 0.025937499999999825
0.8150000000000004 0.025496249999999818
0.8160000000000004 0.025055
0.8170000000000004 0.025055
0.8180000000000004 0.025055
0.8190000000000004 0.025055
0.8200000000000004 0.025054999999999907
0.8210000000000004 0.024840249999999908
0.8220000000000004 0.024625499999999904
0.8230000000000004 0.024410749999999905
0.8240000000000004 0.024196000000000103
0.8250000000000004 0.0244217500000001
0.8260000000000004 0.024647500000000103
0.8270000000000004 0.0248732500000001
0.8280000000000004 0.025099000000000003
0.8290000000000004 0.025104500000000005
0.8300000000000004 0.025110000000000007
0.8310000000000004 0.025115500000000006
0.8320000000000004 0.025121
0.8330000000000004 0.025124500000000004
0.8340000000000004 0.025128000000000004
0.8350000000000004 0.025131500000000005
0.8360000000000004 0.025135
0.8370000000000004 0.02513325
0.8380000000000004 0.0251315
0.8390000000000004 0.02512975
0.8400000000000004 0.025127999999999998
0.8410000000000004 0.02512975
0.8420000000000004 0.0251315
0.8430000000000004 0.02513325
0.8440000000000004 0.02513500000000021
0.8450000000000004 0.025602250000000208
0.8460000000000004 0.026069500000000207
0.8470000000000004 0.026536750000000206
0.8480000000000004 0.027003999999999903
0.8490000000000004 0.026787999999999906
0.8500000000000004 0.0265719999999999
0.8510000000000004 0.026355999999999904
0.8520000000000004 0.026139999999999993
0.8530000000000004 0.026134499999999998
0.8540000000000004 0.026129
0.8550000000000004 0.026123499999999997
0.8560000000000004 0.026118000000000002
0.8570000000000004 0.02611975
0.8580000000000004 0.026121500000000002
0.8590000000000004 0.026123249999999997
0.8600000000000004 0.026125
0.8610000000000004 0.02612125
0.8620000000000004 0.0261175
0.8630000000000004 0.026113749999999998
0.8640000000000004 0.026110000000000105
0.8650000000000004 0.026336750000000103
0.8660000000000004 0.026563500000000104
0.8670000000000004 0.026790250000000106
0.8680000000000004 0.027016999999999826
0.8690000000000004 0.02661274999999982
0.8700000000000004 0.026208499999999822
0.8710000000000004 0.02580424999999982
0.8720000000000004 0.02540000000000008
0.8730000000000004 0.02558125000000008
0.8740000000000004 0.02576250000000008
0.8750000000000004 0.025943750000000078
0.8760000000000004 0.026125
0.8770000000000004 0.026123249999999997
0.8780000000000004 0.0261215
0.8790000000000004 0.02611975
0.8800000000000004 0.0261180000000001
0.8810000000000004 0.0263405000000001
0.8820000000000005 0.0265630000000001
0.8830000000000005 0.0267855000000001
0.8840000000000005 0.027008
0.8850000000000005 0.027006000000000002
0.8860000000000005 0.027004
0.8870000000000005 0.027002
0.8880000000000005 0.02699999999999982
0.8890000000000005 0.026593249999999822
0.8900000000000005 0.02618649999999982
0.8910000000000005 0.02577974999999982
0.8920000000000005 0.025373
0.8930000000000005 0.025370249999999997
0.8940000000000005 0.0253675
0.8950000000000005 0.02536475
0.8960000000000005 0.025361999999999916
0.8970000000000005 0.025167499999999916
0.8980000000000005 0.024972999999999915
0.8990000000000005 0.024778499999999915
0.9000000000000005 0.024584000000000092
0.9010000000000005 0.024785500000000092
0.9020000000000005 0.024987000000000092
0.9030000000000005 0.02518850000000009
0.9040000000000005 0.025390000000000003
0.9050000000000005 0.025390000000000003
0.9060000000000005 0.025390000000000003
0.9070000000000005 0.025390000000000003
0.9080000000000005 0.025390000000000003
0.9090000000000005 0.02538575
0.9100000000000005 0.025381499999999998
0.9110000000000005 0.02537725
0.9120000000000005 0.025373
0.9130000000000005 0.025373
0.9140000000000005 0.025373
0.9150000000000005 0.025373
0.9160000000000005 0.0253730000000001
0.9170000000000005 0.025596750000000102
0.9180000000000005 0.0258205000000001
0.9190000000000005 0.0260442500000001
0.9200000000000005 0.026267999999999812
0.9210000000000005 0.02584699999999981
0.9220000000000005 0.02542599999999981
0.9230000000000005 0.025004999999999816
0.9240000000000005 0.024584000000000092
0.9250000000000005 0.024781250000000088
0.9260000000000005 0.02497850000000009
0.9270000000000005 0.025175750000000087
0.9280000000000005 0.025372999999999913
0.9290000000000005 0.02516974999999991
0.9300000000000005 0.02496649999999991
0.9310000000000005 0.024763249999999907
0.9320000000000005 0.02456000000000009
0.9330000000000005 0.02476325000000009
0.9340000000000005 0.024966500000000093
0.9350000000000005 0.02516975000000009
0.9360000000000005 0.025373
0.9370000000000005 0.0253745
0.9380000000000005 0.025376000000000003
0.9390000000000005 0.0253775
0.9400000000000005 0.025378999999999766
0.9410000000000005 0.02495849999999977
0.9420000000000005 0.02453799999999977
0.9430000000000005 0.024117499999999764
0.9440000000000005 0.023697000000000124
0.9450000000000005 0.023921750000000123
0.9460000000000005 0.024146500000000123
0.9470000000000005 0.024371250000000125
0.9480000000000005 0.024595999999999885
0.9490000000000005 0.024391749999999886
0.9500000000000005 0.024187499999999886
0.9510000000000005 0.023983249999999887
0.9520000000000005 0.023778999999999984
0.9530000000000005 0.023753499999999986
0.9540000000000005 0.023727999999999985
0.9550000000000005 0.023702499999999987
0.9560000000000005 0.023677000000000125
0.9570000000000005 0.023903750000000126
0.9580000000000005 0.024130500000000124
0.9590000000000005 0.024357250000000125
0.9600000000000005 0.024584
0.9610000000000005 0.024587000000000005
0.9620000000000005 0.02459
0.9630000000000005 0.024593000000000004
0.9640000000000005 0.024596
0.9650000000000005 0.024595
0.9660000000000005 0.024594
0.9670000000000005 0.024592999999999997
0.9680000000000005 0.024592
0.9690000000000005 0.02459
0.9700000000000005 0.024588000000000002
0.9710000000000005 0.024586
0.9720000000000005 0.024584
0.9730000000000005 0.024585000000000003
0.9740000000000005 0.024586
0.9750000000000005 0.024587000000000005
0.9760000000000005 0.024588000000000002
0.9770000000000005 0.024586999999999998
0.9780000000000005 0.024586
0.9790000000000005 0.024585
0.9800000000000005 0.024584
0.9810000000000005 0.024581999999999996
0.9820000000000005 0.024579999999999998
0.9830000000000005 0.024578
0.9840000000000005 0.024575999999999886
0.9850000000000005 0.024376749999999888
0.9860000000000005 0.024177499999999887
0.9870000000000005 0.02397824999999989
0.9880000000000005 0.023778999999999998
0.9890000000000005 0.023777
0.9900000000000005 0.023775
0.9910000000000005 0.023773
0.9920000000000005 0.023770999999999876
0.9930000000000005 0.023548749999999875
0.9940000000000005 0.023326499999999875
0.9950000000000006 0.023104249999999875
0.9960000000000006 0.02288200000000012
0.9970000000000006 0.023104250000000125
0.9980000000000006 0.02332650000000012
0.9990000000000006 0.02354875000000012
1.0000000000000004 0.023771
1.0010000000000006 0.02377425
1.0020000000000007 0.023777500000000003
1.0030000000000006 0.023780750000000003
1.0040000000000004 0.02378400000000009
1.0050000000000006 0.023982000000000107
1.0060000000000007 0.024180000000000132
1.0070000000000006 0.024378000000000108
1.0080000000000005 0.024575999999999997
1.0090000000000006 0.024578
1.0100000000000007 0.02458
1.0110000000000006 0.024582000000000003
1.0120000000000005 0.024584
1.0130000000000006 0.024584
1.0140000000000007 0.024584
1.0150000000000006 0.024584
1.0160000000000005 0.02458399999999991
1.0170000000000006 0.024383999999999892
1.0180000000000007 0.02418399999999987
1.0190000000000006 0.02398399999999989
1.0200000000000005 0.023784
1.0210000000000006 0.023786750000000002
1.0220000000000007 0.0237895
1.0230000000000006 0.023792250000000004
1.0240000000000005 0.023795
1.0250000000000006 0.02379425
1.0260000000000007 0.023793500000000002
1.0270000000000006 0.023792749999999998
1.0280000000000005 0.023792000000000098
1.0290000000000006 0.024015750000000124
1.0300000000000007 0.02423950000000015
1.0310000000000006 0.024463250000000124
1.0320000000000005 0.024687
1.0330000000000006 0.024685250000000002
1.0340000000000007 0.0246835
1.0350000000000006 0.02468175
1.0360000000000005 0.024679999999999896
1.0370000000000006 0.024453499999999875
1.0380000000000007 0.024226999999999853
1.0390000000000006 0.024000499999999873
1.0400000000000005 0.023774000000000003
1.0410000000000006 0.023774000000000003
1.0420000000000007 0.023774000000000003
1.0430000000000006 0.023774000000000003
1.0440000000000005 0.023774000000000003
1.0450000000000006 0.023776000000000002
1.0460000000000007 0.023778
1.0470000000000006 0.023780000000000003
1.0480000000000005 0.02378200000000019
1.0490000000000006 0.024203250000000235
1.0500000000000007 0.02462450000000028
1.0510000000000006 0.025045750000000234
1.0520000000000005 0.02546699999999991
1.0530000000000006 0.02527099999999989
1.0540000000000007 0.025074999999999868
1.0550000000000006 0.02487899999999989
1.0560000000000005 0.0246829999999999
1.0570000000000006 0.024456999999999875
1.0580000000000007 0.02423099999999985
1.0590000000000006 0.024004999999999877
1.0600000000000005 0.023778999999999998
1.0610000000000006 0.023778999999999998
1.0620000000000007 0.023778999999999998
1.0630000000000006 0.023778999999999998
1.0640000000000005 0.023778999999999998
1.0650000000000006 0.023781
1.0660000000000007 0.023783
1.0670000000000006 0.023784999999999997
1.0680000000000005 0.023787000000000086
1.0690000000000006 0.02398825000000011
1.0700000000000007 0.024189500000000135
1.0710000000000006 0.02439075000000011
1.0720000000000005 0.024591999999999913
1.0730000000000006 0.02439199999999989
1.0740000000000007 0.024191999999999866
1.0750000000000006 0.02399199999999989
1.0760000000000005 0.023792000000000098
1.0770000000000006 0.024014000000000122
1.0780000000000007 0.024236000000000146
1.0790000000000006 0.024458000000000122
1.0800000000000005 0.02467999999999999
1.0810000000000006 0.024655999999999983
1.0820000000000007 0.024631999999999984
1.0830000000000006 0.02460799999999999
1.0840000000000005 0.024584
1.0850000000000006 0.024587000000000005
1.0860000000000007 0.02459
1.0870000000000006 0.024593000000000004
1.0880000000000005 0.02459600000000009
1.0890000000000006 0.024797000000000114
1.0900000000000007 0.024998000000000135
1.0910000000000006 0.025199000000000114
1.0920000000000005 0.025399999999999815
1.0930000000000006 0.024975749999999762
1.0940000000000007 0.024551499999999716
1.0950000000000006 0.024127249999999763
1.0960000000000005 0.023703
1.0970000000000006 0.0237045
1.0980000000000008 0.023706
1.0990000000000006 0.023707499999999996
1.1000000000000005 0.023709000000000088
1.1010000000000006 0.023912750000000108
1.1020000000000008 0.024116500000000138
1.1030000000000006 0.02432025000000011
1.1040000000000005 0.024524000000000004
1.1050000000000006 0.024529750000000003
1.1060000000000008 0.024535500000000002
1.1070000000000007 0.024541250000000004
1.1080000000000005 0.024546999999999795
1.1090000000000007 0.024090749999999748
1.1100000000000008 0.023634499999999697
1.1110000000000007 0.023178249999999748
1.1120000000000005 0.0227219999999999
1.1130000000000007 0.022495999999999877
1.1140000000000008 0.022269999999999852
1.1150000000000007 0.022043999999999873
1.1160000000000005 0.021818000000000098
1.1170000000000007 0.022041750000000124
1.1180000000000008 0.02226550000000015
1.1190000000000007 0.022489250000000124
1.1200000000000006 0.022713
1.1210000000000007 0.02271075
1.1220000000000008 0.0227085
1.1230000000000007 0.022706249999999997
1.1240000000000006 0.02270400000000008
1.1250000000000007 0.022887000000000112
1.1260000000000008 0.023070000000000142
1.1270000000000007 0.02325300000000013
1.1280000000000006 0.02343600000000015
1.1290000000000007 0.02366575000000018
1.1300000000000008 0.0238955000000002
1.1310000000000007 0.024125250000000178
1.1320000000000006 0.024354999999999852
1.1330000000000007 0.024127749999999826
1.1340000000000008 0.0239004999999998
1.1350000000000007 0.023673249999999823
1.1360000000000006 0.023445999999999998
1.1370000000000007 0.023445999999999998
1.1380000000000008 0.023445999999999998
1.1390000000000007 0.023445999999999998
1.1400000000000006 0.023446
1.1410000000000007 0.023454750000000003
1.1420000000000008 0.023463500000000005
1.1430000000000007 0.023472250000000007
1.1440000000000006 0.02348099999999985
1.1450000000000007 0.023251749999999825
1.1460000000000008 0.0230224999999998
1.1470000000000007 0.022793249999999824
1.1480000000000006 0.022563999999999997
1.1490000000000007 0.02255449999999999
1.1500000000000008 0.022544999999999992
1.1510000000000007 0.022535499999999993
1.1520000000000006 0.022525999999999997
1.1530000000000007 0.022520499999999995
1.1540000000000008 0.022514999999999997
1.1550000000000007 0.022509499999999995
1.1560000000000006 0.022503999999999733
1.1570000000000007 0.022101499999999684
1.1580000000000008 0.021698999999999642
1.1590000000000007 0.021296499999999687
1.1600000000000006 0.020894000000000412
1.1610000000000007 0.02151275000000048
1.1620000000000008 0.022131500000000547
1.1630000000000007 0.022750250000000482
1.1640000000000006 0.023368999999999848
1.1650000000000007 0.023143999999999828
1.1660000000000008 0.0229189999999998
1.1670000000000007 0.02269399999999983
1.1680000000000006 0.022469000000000003
1.1690000000000007 0.022469000000000003
1.1700000000000008 0.022469000000000003
1.1710000000000007 0.022469000000000003
1.1720000000000006 0.022469000000000003
1.1730000000000007 0.02247125
1.1740000000000008 0.0224735
1.1750000000000007 0.02247575
1.1760000000000006 0.022477999999999998
1.1770000000000007 0.022481249999999998
1.1780000000000008 0.0224845
1.1790000000000007 0.02248775
1.1800000000000006 0.022491000000000132
1.1810000000000007 0.022692250000000157
1.1820000000000008 0.02289350000000018
1.1830000000000007 0.023094750000000153
1.1840000000000006 0.023296
1.1850000000000007 0.023297250000000002
1.1860000000000008 0.0232985
1.1870000000000007 0.02329975
1.1880000000000006 0.023301
1.1890000000000007 0.023301
1.1900000000000008 0.023301
1.1910000000000007 0.023301
1.1920000000000006 0.023300999999999853
1.1930000000000007 0.023078499999999825
1.1940000000000008 0.0228559999999998
1.1950000000000007 0.022633499999999827
1.1960000000000006 0.022411000000000004
1.1970000000000007 0.022414750000000004
1.1980000000000008 0.022418500000000004
1.1990000000000007 0.022422250000000005
1.2000000000000006 0.022425999999999835
1.2010000000000007 0.02217974999999981
1.2020000000000008 0.02193349999999978
1.2030000000000007 0.021687249999999807
1.2040000000000006 0.021441000000000165
1.2050000000000007 0.02168725000000019
1.2060000000000008 0.02193350000000022
1.2070000000000007 0.022179750000000192
1.2080000000000006 0.022425999999999835
1.2090000000000007 0.02217849999999981
1.2100000000000009 0.02193099999999978
1.2110000000000007 0.021683499999999807
1.2120000000000006 0.021436000000000302
1.2130000000000007 0.021888250000000352
1.2140000000000009 0.0223405000000004
1.2150000000000007 0.02279275000000035
1.2160000000000006 0.023245000000000154
1.2170000000000007 0.02347525000000018
1.2180000000000009 0.023705500000000206
1.2190000000000007 0.02393575000000018
1.2200000000000006 0.02416599999999998
1.2210000000000008 0.02413824999999998
1.2220000000000009 0.024110499999999972
1.2230000000000008 0.02408274999999998
1.2240000000000006 0.024054999999999868
1.2250000000000008 0.023855749999999846
1.2260000000000009 0.023656499999999824
1.2270000000000008 0.023457249999999846
1.2280000000000006 0.02325800000000001
1.2290000000000008 0.02327200000000001
1.2300000000000009 0.02328600000000001
1.2310000000000008 0.023300000000000008
1.2320000000000007 0.023313999999999696
1.2330000000000008 0.022857749999999646
1.2340000000000009 0.022401499999999595
1.2350000000000008 0.021945249999999646
1.2360000000000007 0.021489000000000133
1.2370000000000008 0.021689750000000157
1.2380000000000009 0.021890500000000177
1.2390000000000008 0.02209125000000016
1.2400000000000007 0.022292
1.2410000000000008 0.022292
1.2420000000000009 0.022292
1.2430000000000008 0.022292
1.2440000000000007 0.022292000000000006
1.2450000000000008 0.022298250000000006
1.2460000000000009 0.02230450000000001
1.2470000000000008 0.022310750000000004
1.2480000000000007 0.022317
1.2490000000000008 0.0223185
1.2500000000000009 0.022320000000000003
1.2510000000000008 0.022321500000000005
1.2520000000000007 0.022323
1.2530000000000008 0.0223245
1.254000000000001 0.022326000000000002
1.2550000000000008 0.022327500000000004
1.2560000000000007 0.02232899999999985
1.2570000000000008 0.02209899999999982
1.258000000000001 0.02186899999999979
1.2590000000000008 0.02163899999999982
1.2600000000000007 0.021408999999999997
1.2610000000000008 0.021406499999999995
1.262000000000001 0.021403999999999996
1.2630000000000008 0.021401499999999997
1.2640000000000007 0.021398999999999994
1.2650000000000008 0.021394999999999994
1.266000000000001 0.021390999999999997
1.2670000000000008 0.021386999999999996
1.2680000000000007 0.021383000000000273
1.2690000000000008 0.021791000000000317
1.270000000000001 0.022199000000000364
1.2710000000000008 0.022607000000000314
1.2720000000000007 0.023014999999999734
1.2730000000000008 0.022613499999999686
1.274000000000001 0.022211999999999642
1.2750000000000008 0.021810499999999684
1.2760000000000007 0.021408999999999997
1.2770000000000008 0.02141175
1.278000000000001 0.021414500000000003
1.2790000000000008 0.021417250000000002
1.2800000000000007 0.02142000000000012
1.2810000000000008 0.02159850000000014
1.282000000000001 0.021777000000000157
1.2830000000000008 0.021955500000000138
1.2840000000000007 0.02213399999999972
1.2850000000000008 0.02171449999999967
1.286000000000001 0.02129499999999963
1.2870000000000008 0.020875499999999672
1.2880000000000007 0.020456000000000144
1.2890000000000008 0.02067700000000017
1.290000000000001 0.020898000000000194
1.2910000000000008 0.021119000000000172
1.2920000000000007 0.021339999999999994
1.2930000000000008 0.021335749999999997
1.294000000000001 0.021331499999999996
1.2950000000000008 0.02132725
1.2960000000000007 0.021322999999999998
1.2970000000000008 0.021322999999999998
1.298000000000001 0.021322999999999998
1.2990000000000008 0.021322999999999998
1.3000000000000007 0.021322999999999998
1.3010000000000008 0.0213245
1.302000000000001 0.021326
1.3030000000000008 0.021327500000000003
1.3040000000000007 0.021329000000000264
1.3050000000000008 0.021730250000000312
1.306000000000001 0.022131500000000356
1.3070000000000008 0.02253275000000031
1.3080000000000007 0.022933999999999736
1.3090000000000008 0.02253549999999969
1.310000000000001 0.022136999999999647
1.3110000000000008 0.021738499999999692
1.3120000000000007 0.02133999999999985
1.3130000000000008 0.021115499999999825
1.314000000000001 0.020890999999999802
1.3150000000000008 0.020666499999999824
1.3160000000000007 0.020442000000000116
1.3170000000000008 0.020613750000000132
1.318000000000001 0.02078550000000015
1.3190000000000008 0.020957250000000132
1.3200000000000007 0.021128999999999874
1.3210000000000008 0.020944249999999855
1.322000000000001 0.020759499999999837
1.3230000000000008 0.020574749999999854
1.3240000000000007 0.02039000000000026
1.3250000000000008 0.0207780000000003
1.326000000000001 0.021166000000000348
1.3270000000000008 0.0215540000000003
1.3280000000000007 0.021942
1.3290000000000008 0.021942
1.330000000000001 0.021942
1.3310000000000008 0.021942
1.3320000000000007 0.021942000000000003
1.3330000000000009 0.021945500000000003
1.334000000000001 0.021949000000000007
1.3350000000000009 0.021952500000000007
1.3360000000000007 0.021955999999999996
1.3370000000000009 0.021950499999999998
1.338000000000001 0.021944999999999996
1.3390000000000009 0.021939499999999997
1.3400000000000007 0.021934
1.3410000000000009 0.021936
1.342000000000001 0.021938
1.3430000000000009 0.02194
1.3440000000000007 0.021942000000000003
1.3450000000000009 0.021949250000000003
1.346000000000001 0.021956500000000004
1.3470000000000009 0.021963750000000008
1.3480000000000008 0.02197100000000001
1.3490000000000009 0.021993250000000016
1.350000000000001 0.022015500000000018
1.3510000000000009 0.022037750000000016
1.3520000000000008 0.02205999999999986
1.3530000000000009 0.021853749999999842
1.354000000000001 0.021647499999999816
1.3550000000000009 0.02144124999999984
1.3560000000000008 0.021235000000000136
1.3570000000000009 0.021444500000000165
1.358000000000001 0.021654000000000187
1.3590000000000009 0.021863500000000164
1.3600000000000008 0.022072999999999992
1.3610000000000009 0.022062999999999992
1.362000000000001 0.022052999999999993
1.3630000000000009 0.02204299999999999
1.3640000000000008 0.022032999999999983
1.3650000000000009 0.022004999999999976
1.366000000000001 0.021976999999999976
1.3670000000000009 0.02194899999999998
1.3680000000000008 0.02192100000000001
1.3690000000000009 0.021931000000000006
1.370000000000001 0.021941000000000006
1.3710000000000009 0.02195100000000001
1.3720000000000008 0.021960999999999863
1.3730000000000009 0.021752749999999828
1.374000000000001 0.021544499999999793
1.3750000000000009 0.021336249999999803
1.3760000000000008 0.021128000000000195
1.377000000000001 0.02134975000000022
1.378000000000001 0.021571500000000247
1.379000000000001 0.021793250000000222
1.3800000000000008 0.022015000000000177
1.381000000000001 0.022216750000000198
1.382000000000001 0.02241850000000022
1.383000000000001 0.0226202500000002
1.3840000000000008 0.022821999999999624
1.385000000000001 0.022394999999999575
1.386000000000001 0.021967999999999526
1.387000000000001 0.021540999999999574
1.3880000000000008 0.021114
1.389000000000001 0.021115750000000003
1.390000000000001 0.0211175
1.391000000000001 0.021119250000000003
1.3920000000000008 0.021120999999999997
1.393000000000001 0.02111925
1.394000000000001 0.021117499999999997
1.395000000000001 0.02111575
1.3960000000000008 0.021114000000000178
1.397000000000001 0.021315500000000202
1.398000000000001 0.021517000000000227
1.399000000000001 0.021718500000000206
1.4000000000000008 0.021919999999999603
1.4010000000000007 0.021472499999999655
1.402000000000001 0.021024999999999502
1.403000000000001 0.02057749999999955
1.4040000000000008 0.020130000000000394
1.4050000000000007 0.020575500000000347
1.406000000000001 0.021021000000000494
1.407000000000001 0.021466500000000447
1.4080000000000008 0.02191199999999941
1.4090000000000007 0.021251249999999486
1.410000000000001 0.02059049999999927
1.411000000000001 0.01992974999999934
1.4120000000000008 0.019269000000000567
1.4130000000000007 0.019906000000000496
1.414000000000001 0.020543000000000707
1.415000000000001 0.02118000000000064
1.4160000000000008 0.021816999999999996
1.4170000000000007 0.021810499999999997
1.418000000000001 0.021803999999999994
1.419000000000001 0.021797499999999994
1.4200000000000008 0.02179100000000018
1.4210000000000007 0.021991750000000154
1.422000000000001 0.022192500000000222
1.423000000000001 0.0223932500000002
1.4240000000000008 0.02259399999999943
1.4250000000000007 0.021954999999999503
1.426000000000001 0.02131599999999929
1.427000000000001 0.020676999999999363
1.4280000000000008 0.020038000000000004
1.4290000000000007 0.020041750000000004
1.430000000000001 0.020045500000000004
1.431000000000001 0.020049250000000005
1.4320000000000008 0.020053000000000404
1.4330000000000007 0.020507000000000355
1.434000000000001 0.020961000000000504
1.435000000000001 0.021415000000000455
1.4360000000000008 0.021868999999999604
1.4370000000000007 0.021421999999999653
1.438000000000001 0.020974999999999504
1.439000000000001 0.020527999999999557
1.4400000000000008 0.020081
1.4410000000000007 0.020079250000000003
1.442000000000001 0.0200775
1.443000000000001 0.02007575
1.4440000000000008 0.020073999999999995
1.4450000000000007 0.020066999999999995
1.446000000000001 0.020059999999999995
1.447000000000001 0.02005299999999999
1.4480000000000008 0.020046000000000393
1.4490000000000007 0.020488750000000343
1.450000000000001 0.020931500000000495
1.451000000000001 0.02137425000000044
1.4520000000000008 0.021816999999999608
1.4530000000000007 0.021370499999999654
1.454000000000001 0.020923999999999502
1.455000000000001 0.02047749999999955
1.4560000000000008 0.020031000000000396
1.4570000000000007 0.02047750000000035
1.458000000000001 0.020924000000000498
1.459000000000001 0.021370500000000448
1.4600000000000009 0.021816999999999784
1.4610000000000007 0.02156974999999981
1.462000000000001 0.02132249999999973
1.463000000000001 0.021075249999999754
1.4640000000000009 0.020828000000000003
1.4650000000000007 0.02083025
1.466000000000001 0.020832500000000004
1.467000000000001 0.020834750000000003
1.4680000000000009 0.020837000000000005
1.4690000000000007 0.020841250000000002
1.470000000000001 0.020845500000000006
1.471000000000001 0.020849750000000004
1.4720000000000009 0.0208540000000004
1.4730000000000008 0.02130400000000035
1.474000000000001 0.0217540000000005
1.475000000000001 0.02220400000000045
1.4760000000000009 0.02265400000000001
1.4770000000000008 0.022661500000000005
1.478000000000001 0.02266900000000001
1.479000000000001 0.02267650000000001
1.4800000000000009 0.022683999999999607
1.4810000000000008 0.022236999999999653
1.482000000000001 0.021789999999999504
1.483000000000001 0.021342999999999553
1.4840000000000009 0.020895999999999998
1.4850000000000008 0.020898250000000004
1.486000000000001 0.020900500000000002
1.487000000000001 0.02090275
1.4880000000000009 0.020905000000000003
1.4890000000000008 0.020909000000000004
1.490000000000001 0.020913000000000005
1.491000000000001 0.020917000000000005
1.4920000000000009 0.02092099999999962
1.4930000000000008 0.020494249999999666
1.494000000000001 0.020067499999999527
1.495000000000001 0.019640749999999575
1.4960000000000009 0.019214000000000384
1.4970000000000008 0.019647250000000335
1.498000000000001 0.020080500000000483
1.499000000000001 0.02051375000000043
1.5000000000000009 0.020946999999999997
1.5010000000000008 0.020940499999999994
1.5020000000000011 0.02093399999999999
1.503000000000001 0.02092749999999999
1.504000000000001 0.020920999999999985
1.5050000000000008 0.020906249999999987
1.5060000000000011 0.020891499999999983
1.507000000000001 0.020876749999999982
1.508000000000001 0.020862000000000394
1.5090000000000008 0.021307500000000347
1.5100000000000011 0.021753000000000494
1.511000000000001 0.022198500000000444
1.512000000000001 0.02264399999999982
1.5130000000000008 0.02243724999999984
1.5140000000000011 0.02223049999999977
1.515000000000001 0.022023749999999797
1.516000000000001 0.02181700000000018
1.5170000000000008 0.022018750000000156
1.5180000000000011 0.022220500000000226
1.519000000000001 0.022422250000000202
1.520000000000001 0.022624
1.5210000000000008 0.022621499999999996
1.5220000000000011 0.022618999999999997
1.523000000000001 0.022616499999999998
1.524000000000001 0.02261399999999961
1.5250000000000008 0.022171749999999654
1.5260000000000011 0.02172949999999951
1.527000000000001 0.021287249999999557
1.528000000000001 0.020845
1.5290000000000008 0.020845
1.5300000000000011 0.020845
1.531000000000001 0.020845
1.532000000000001 0.020844999999999825
1.5330000000000008 0.020648749999999848
1.5340000000000011 0.02045249999999978
1.535000000000001 0.020256249999999802
1.536000000000001 0.020059999999999977
1.5370000000000008 0.020034749999999976
1.5380000000000011 0.02000949999999997
1.539000000000001 0.019984249999999974
1.540000000000001 0.019958999999999994
1.5410000000000008 0.019954999999999997
1.5420000000000011 0.019950999999999993
1.543000000000001 0.019946999999999996
1.544000000000001 0.019943000000000197
1.5450000000000008 0.02016425000000017
1.5460000000000012 0.020385500000000247
1.547000000000001 0.020606750000000226
1.548000000000001 0.020828000000000006
1.5490000000000008 0.020832250000000007
1.5500000000000012 0.020836500000000004
1.551000000000001 0.020840750000000005
1.552000000000001 0.02084500000000018
1.5530000000000008 0.021047500000000156
1.5540000000000012 0.021250000000000227
1.555000000000001 0.021452500000000204
1.556000000000001 0.021654999999999997
1.5570000000000008 0.021652499999999998
1.5580000000000012 0.021649999999999996
1.559000000000001 0.021647499999999997
1.560000000000001 0.02164499999999982
1.5610000000000008 0.021444999999999843
1.5620000000000012 0.021244999999999778
1.563000000000001 0.0210449999999998
1.564000000000001 0.020844999999999798
1.5650000000000008 0.020621499999999827
1.5660000000000012 0.020397999999999753
1.567000000000001 0.020174499999999776
1.568000000000001 0.019951
1.5690000000000008 0.019948999999999998
1.5700000000000012 0.019947
1.571000000000001 0.019944999999999997
1.572000000000001 0.019943000000000002
1.5730000000000008 0.019948750000000005
1.5740000000000012 0.019954500000000007
1.575000000000001 0.019960250000000006
1.576000000000001 0.019966000000000185
1.5770000000000008 0.02017350000000016
1.5780000000000012 0.020381000000000232
1.579000000000001 0.02058850000000021
1.580000000000001 0.0207960000000002
1.5810000000000008 0.021023000000000177
1.5820000000000012 0.021250000000000255
1.583000000000001 0.021477000000000225
1.584000000000001 0.021703999999999998
1.5850000000000009 0.021701499999999995
1.5860000000000012 0.021698999999999996
1.587000000000001 0.021696499999999997
1.588000000000001 0.021693999999999828
1.5890000000000009 0.021496749999999846
1.5900000000000012 0.021299499999999784
1.591000000000001 0.0211022499999998
1.592000000000001 0.0209049999999998
1.5930000000000009 0.020679999999999827
1.5940000000000012 0.02045499999999975
1.595000000000001 0.020229999999999776
1.596000000000001 0.020005000000000373
1.5970000000000009 0.020424750000000328
1.5980000000000012 0.020844500000000467
1.599000000000001 0.021264250000000418
1.600000000000001 0.0216839999999998
1.6010000000000009 0.021459749999999826
1.6020000000000012 0.02123549999999975
1.603000000000001 0.021011249999999773
1.604000000000001 0.020786999999999996
1.6050000000000009 0.020780249999999993
1.6060000000000012 0.02077349999999999
1.607000000000001 0.020766749999999994
1.608000000000001 0.02076
1.6090000000000009 0.02075775
1.6100000000000012 0.020755499999999996
1.611000000000001 0.020753249999999997
1.612000000000001 0.0207510000000002
1.6130000000000009 0.020977000000000176
1.6140000000000012 0.021203000000000253
1.615000000000001 0.021429000000000226
1.616000000000001 0.021655
1.6170000000000009 0.021657500000000007
1.6180000000000012 0.021660000000000002
1.619000000000001 0.0216625
1.620000000000001 0.021665
1.6210000000000009 0.021662499999999998
1.6220000000000012 0.02166
1.623000000000001 0.0216575
1.624000000000001 0.021654999999999803
1.6250000000000009 0.02143124999999982
1.6260000000000012 0.021207499999999727
1.6270000000000011 0.020983749999999742
1.628000000000001 0.02076000000000025
1.629000000000001 0.020983750000000224
1.6300000000000012 0.0212075000000003
1.6310000000000011 0.021431250000000276
1.632000000000001 0.021655000000000008
1.633000000000001 0.021657500000000007
1.6340000000000012 0.021660000000000002
1.6350000000000011 0.0216625
1.636000000000001 0.021664999999999525
1.637000000000001 0.021238499999999574
1.6380000000000012 0.02081199999999943
1.6390000000000011 0.02038549999999948
1.640000000000001 0.01995900000000023
1.641000000000001 0.020166000000000208
1.6420000000000012 0.020373000000000276
1.6430000000000011 0.02058000000000025
1.644000000000001 0.020786999999999986
1.645000000000001 0.020775749999999985
1.6460000000000012 0.020764499999999984
1.6470000000000011 0.020753249999999987
1.648000000000001 0.020742000000000448
1.649000000000001 0.021147000000000405
1.6500000000000012 0.02155200000000054
1.6510000000000011 0.021957000000000497
1.652000000000001 0.022361999999999552
1.653000000000001 0.0219592499999996
1.6540000000000012 0.021556499999999465
1.6550000000000011 0.02115374999999951
1.656000000000001 0.020751000000000012
1.657000000000001 0.020762250000000013
1.6580000000000013 0.020773500000000014
1.6590000000000011 0.020784750000000015
1.660000000000001 0.020796000000000002
1.661000000000001 0.020796000000000002
1.6620000000000013 0.020796000000000002
1.6630000000000011 0.020796000000000002
1.664000000000001 0.020796000000000453
1.665000000000001 0.02120225000000041
1.6660000000000013 0.02160850000000054
1.6670000000000011 0.022014750000000496
1.668000000000001 0.02242099999999955
1.669000000000001 0.022014749999999594
1.6700000000000013 0.02160849999999946
1.6710000000000012 0.021202249999999506
1.672000000000001 0.02079599999999975
1.673000000000001 0.020569499999999775
1.6740000000000013 0.020342999999999698
1.6750000000000012 0.020116499999999725
1.676000000000001 0.019890000000000244
1.677000000000001 0.02010750000000022
1.6780000000000013 0.02032500000000029
1.6790000000000012 0.02054250000000027
1.680000000000001 0.020760000000000004
1.681000000000001 0.020762250000000003
1.6820000000000013 0.020764500000000005
1.6830000000000012 0.020766750000000004
1.684000000000001 0.020769000000000003
1.685000000000001 0.020769000000000003
1.6860000000000013 0.020769000000000003
1.6870000000000012 0.020769000000000003
1.688000000000001 0.020769000000000003
1.689000000000001 0.020769000000000003
1.6900000000000013 0.020769000000000003
1.6910000000000012 0.020769000000000003
1.692000000000001 0.02076900000000001
1.693000000000001 0.02077575000000001
1.6940000000000013 0.02078250000000001
1.6950000000000012 0.02078925000000001
1.696000000000001 0.020796000000000002
1.697000000000001 0.020796000000000002
1.6980000000000013 0.020796000000000002
1.6990000000000012 0.020796000000000002
1.700000000000001 0.020795999999999995
1.701000000000001 0.020793749999999996
1.7020000000000013 0.020791499999999997
1.7030000000000012 0.02078925
1.704000000000001 0.02078700000000043
1.705000000000001 0.021175000000000388
1.7060000000000013 0.02156300000000052
1.7070000000000012 0.021951000000000477
1.708000000000001 0.02233900000000002
1.709000000000001 0.022353750000000016
1.7100000000000013 0.022368500000000017
1.7110000000000012 0.022383250000000018
1.712000000000001 0.022398
1.713000000000001 0.022403750000000007
1.7140000000000013 0.022409500000000006
1.7150000000000012 0.022415250000000008
1.716000000000001 0.02242099999999957
1.717000000000001 0.022032999999999615
1.7180000000000013 0.021644999999999484
1.7190000000000012 0.021256999999999526
1.720000000000001 0.020869000000000214
1.721000000000001 0.021063000000000193
1.7220000000000013 0.02125700000000026
1.7230000000000012 0.021451000000000237
1.724000000000001 0.021644999999999994
1.725000000000001 0.021639249999999995
1.7260000000000013 0.02163349999999999
1.7270000000000012 0.02162774999999999
1.728000000000001 0.021622000000000238
1.729000000000001 0.021836750000000214
1.7300000000000013 0.022051500000000286
1.7310000000000012 0.02226625000000026
1.732000000000001 0.02248099999999929
1.733000000000001 0.02183949999999936
1.7340000000000013 0.021197999999999145
1.7350000000000012 0.020556499999999218
1.736000000000001 0.019914999999999995
1.737000000000001 0.019910749999999998
1.7380000000000013 0.019906499999999994
1.7390000000000012 0.019902249999999996
1.740000000000001 0.019898000000000245
1.741000000000001 0.02012025000000022
1.7420000000000013 0.020342500000000294
1.7430000000000012 0.020564750000000274
1.744000000000001 0.020787000000000003
1.745000000000001 0.020789250000000002
1.7460000000000013 0.020791500000000004
1.7470000000000012 0.020793750000000003
1.748000000000001 0.0207960000000002
1.749000000000001 0.02097475000000018
1.7500000000000013 0.021153500000000238
1.7510000000000012 0.021332250000000216
1.7520000000000011 0.021511000000000263
1.753000000000001 0.021747500000000235
1.7540000000000013 0.021984000000000316
1.7550000000000012 0.02222050000000029
1.7560000000000011 0.022456999999999748
1.757000000000001 0.022231749999999773
1.7580000000000013 0.022006499999999696
1.7590000000000012 0.021781249999999724
1.7600000000000011 0.021555999999999798
1.761000000000001 0.021370499999999817
1.7620000000000013 0.021184999999999753
1.7630000000000012 0.020999499999999772
1.7640000000000011 0.020814000000000447
1.765000000000001 0.021218750000000407
1.7660000000000013 0.021623500000000538
1.7670000000000012 0.022028250000000495
1.7680000000000011 0.022432999999999547
1.769000000000001 0.022025999999999595
1.7700000000000014 0.021618999999999455
1.7710000000000012 0.021211999999999502
1.7720000000000011 0.02080499999999975
1.773000000000001 0.020582499999999775
1.7740000000000014 0.0203599999999997
1.7750000000000012 0.02013749999999973
1.7760000000000011 0.019915000000000002
1.777000000000001 0.019915000000000002
1.7780000000000014 0.019915000000000002
1.7790000000000012 0.019915000000000002
1.7800000000000011 0.019915
1.781000000000001 0.019912749999999996
1.7820000000000014 0.019910499999999998
1.7830000000000013 0.019908249999999995
1.7840000000000011 0.019905999999999997
1.785000000000001 0.019903999999999998
1.7860000000000014 0.019901999999999996
1.7870000000000013 0.019899999999999998
1.7880000000000011 0.019897999999999992
1.789000000000001 0.019891749999999996
1.7900000000000014 0.01988549999999999
1.7910000000000013 0.019879249999999994
1.7920000000000011 0.019873000000000453
1.793000000000001 0.020279750000000405
1.7940000000000014 0.02068650000000054
1.7950000000000013 0.021093250000000497
1.7960000000000012 0.02149999999999999
1.797000000000001 0.02149174999999999
1.7980000000000014 0.02148349999999999
1.7990000000000013 0.02147524999999999
1.8000000000000012 0.021466999999999556
1.801000000000001 0.021066499999999603
1.8020000000000014 0.020665999999999466
1.8030000000000013 0.02026549999999951
1.8040000000000012 0.019865
1.805000000000001 0.019867000000000003
1.8060000000000014 0.019869000000000005
1.8070000000000013 0.019871000000000003
1.8080000000000012 0.019873000000000002
1.809000000000001 0.019873000000000002
1.8100000000000014 0.019873000000000002
1.8110000000000013 0.019873000000000002
1.8120000000000012 0.019873000000000456
1.813000000000001 0.02028250000000041
1.8140000000000014 0.020692000000000547
1.8150000000000013 0.021101500000000502
1.8160000000000012 0.021511000000000006
1.817000000000001 0.02151375
1.8180000000000014 0.021516500000000004
1.8190000000000013 0.021519250000000004
1.8200000000000012 0.021521999999999562
1.821000000000001 0.021126499999999604
1.8220000000000014 0.020730999999999472
1.8230000000000013 0.020335499999999517
1.8240000000000012 0.01993999999999975
1.825000000000001 0.019714499999999774
1.8260000000000014 0.019488999999999698
1.8270000000000013 0.019263499999999725
1.8280000000000012 0.019038000000000485
1.829000000000001 0.019475750000000437
1.8300000000000014 0.019913500000000584
1.8310000000000013 0.020351250000000536
1.8320000000000012 0.02078899999999955
1.833000000000001 0.020383249999999596
1.8340000000000014 0.01997749999999946
1.8350000000000013 0.019571749999999506
1.8360000000000012 0.019166
1.837000000000001 0.019164249999999997
1.8380000000000014 0.0191625
1.8390000000000013 0.019160749999999997
1.8400000000000012 0.019159000000000002
1.841000000000001 0.01916075
1.8420000000000014 0.019162500000000002
1.8430000000000013 0.019164250000000004
1.8440000000000012 0.019166000000000443
1.845000000000001 0.0195640000000004
1.8460000000000014 0.01996200000000053
1.8470000000000013 0.02036000000000049
1.8480000000000012 0.020757999999999773
1.849000000000001 0.020555499999999796
1.8500000000000014 0.02035299999999973
1.8510000000000013 0.020150499999999752
1.8520000000000012 0.0199480000000002
1.853000000000001 0.020129750000000182
1.8540000000000014 0.020311500000000243
1.8550000000000013 0.020493250000000223
1.8560000000000012 0.020675000000000266
1.857000000000001 0.02091475000000024
1.8580000000000014 0.02115450000000032
1.8590000000000013 0.021394250000000295
1.8600000000000012 0.0216339999999998
1.861000000000001 0.021451749999999818
1.8620000000000014 0.02126949999999976
1.8630000000000013 0.02108724999999978
1.8640000000000012 0.020904999999999504
1.865000000000001 0.020458249999999553
1.8660000000000014 0.020011499999999405
1.8670000000000013 0.019564749999999454
1.8680000000000012 0.01911800000000051
1.869000000000001 0.019575250000000457
1.8700000000000014 0.02003250000000061
1.8710000000000013 0.02048975000000056
1.8720000000000012 0.02094699999999975
1.873000000000001 0.020724249999999764
1.8740000000000014 0.02050149999999968
1.8750000000000013 0.02027874999999969
1.8760000000000012 0.02005599999999966
1.8770000000000011 0.01980324999999969
1.8780000000000014 0.019550499999999606
1.8790000000000013 0.019297749999999635
1.8800000000000012 0.019044999999999986
1.8810000000000011 0.019033749999999988
1.8820000000000014 0.019022499999999984
1.8830000000000013 0.019011249999999983
1.8840000000000012 0.018999999999999993
1.8850000000000011 0.018994249999999994
1.8860000000000015 0.01898849999999999
1.8870000000000013 0.01898274999999999
1.8880000000000012 0.018976999999999408
1.8890000000000011 0.018533749999999457
1.8900000000000015 0.01809049999999931
1.8910000000000013 0.017647249999999358
1.8920000000000012 0.01720400000000056
1.8930000000000011 0.01762475000000051
1.8940000000000015 0.018045500000000655
1.8950000000000014 0.018466250000000607
1.8960000000000012 0.01888700000000003
1.8970000000000011 0.018909250000000027
1.8980000000000015 0.018931500000000035
1.8990000000000014 0.018953750000000033
1.9000000000000012 0.01897600000000002
1.9010000000000011 0.01899150000000002
1.9020000000000015 0.019007000000000024
1.9030000000000014 0.019022500000000022
1.9040000000000012 0.01903800000000029
1.9050000000000011 0.019256250000000266
1.9060000000000015 0.01947450000000034
1.9070000000000014 0.019692750000000318
1.9080000000000013 0.019910999999999696
1.9090000000000011 0.019683499999999722
1.9100000000000015 0.019455999999999647
1.9110000000000014 0.01922849999999967
1.9120000000000013 0.01900099999999974
1.9130000000000011 0.01880724999999976
1.9140000000000015 0.0186134999999997
1.9150000000000014 0.01841974999999972
1.9160000000000013 0.018226000000000308
1.9170000000000011 0.018458000000000283
1.9180000000000015 0.01869000000000036
1.9190000000000014 0.018922000000000334
1.9200000000000013 0.01915399999999912
1.9210000000000012 0.018492499999999194
1.9220000000000015 0.017830999999998973
1.9230000000000014 0.017169499999999047
1.9240000000000013 0.016508000000000595
1.9250000000000012 0.016954000000000545
1.9260000000000015 0.017400000000000693
1.9270000000000014 0.017846000000000643
1.9280000000000013 0.018291999999999406
1.9290000000000012 0.017847249999999457
1.9300000000000015 0.017402499999999307
1.9310000000000014 0.01695774999999936
1.9320000000000013 0.01651300000000149
1.9330000000000012 0.017629500000001363
1.9340000000000015 0.018746000000001737
1.9350000000000014 0.01986250000000161
1.9360000000000013 0.02097899999999937
1.9370000000000012 0.020504999999999423
1.9380000000000015 0.020030999999999265
1.9390000000000014 0.019556999999999315
1.9400000000000013 0.019082999999999992
1.9410000000000012 0.019076249999999993
1.9420000000000015 0.01906949999999999
1.9430000000000014 0.01906274999999999
1.9440000000000013 0.019055999999999983
1.9450000000000012 0.019042499999999983
1.9460000000000015 0.019028999999999976
1.9470000000000014 0.019015499999999977
1.9480000000000013 0.019002000000000015
1.9490000000000012 0.019014750000000014
1.9500000000000015 0.01902750000000002
1.9510000000000014 0.01904025000000002
1.9520000000000013 0.019053000000000556
1.9530000000000012 0.019469000000000507
1.9540000000000015 0.019885000000000645
1.9550000000000014 0.0203010000000006
1.9560000000000013 0.020716999999999458
1.9570000000000012 0.020310249999999502
1.9580000000000015 0.019903499999999366
1.9590000000000014 0.01949674999999941
1.9600000000000013 0.019089999999999947
1.9610000000000012 0.01905024999999995
1.9620000000000015 0.01901049999999994
1.9630000000000014 0.018970749999999943
1.9640000000000013 0.018931000000000003
1.9650000000000012 0.018933250000000002
1.9660000000000015 0.018935500000000004
1.9670000000000014 0.018937750000000003
1.9680000000000013 0.018940000000000005
1.9690000000000012 0.018944500000000003
1.9700000000000015 0.018949000000000008
1.9710000000000014 0.018953500000000005
1.9720000000000013 0.018957999999999444
1.9730000000000012 0.018540499999999488
1.9740000000000015 0.018122999999999348
1.9750000000000014 0.017705499999999395
1.9760000000000013 0.017288000000000563
1.9770000000000012 0.017712000000000516
1.9780000000000015 0.01813600000000066
1.9790000000000014 0.01856000000000061
1.9800000000000013 0.018984000000000608
1.9810000000000012 0.019440500000000558
1.9820000000000015 0.01989700000000071
1.9830000000000014 0.02035350000000066
1.9840000000000013 0.020809999999998833
1.9850000000000012 0.019933999999998932
1.9860000000000015 0.01905799999999864
1.9870000000000014 0.018181999999998734
1.9880000000000013 0.017306000000000613
1.9890000000000012 0.017765250000000562
1.9900000000000015 0.018224500000000712
1.9910000000000014 0.01868375000000066
1.9920000000000013 0.019142999999999397
1.9930000000000012 0.018689499999999446
1.9940000000000015 0.018235999999999294
1.9950000000000014 0.017782499999999347
1.9960000000000013 0.017329000000000604
1.9970000000000012 0.017782500000000555
1.9980000000000016 0.018236000000000707
1.9990000000000014 0.018689500000000654
2.0000000000000013 0.019142999999999973
2.0010000000000012 0.019123499999999974
2.0020000000000016 0.019103999999999968
2.0030000000000014 0.019084499999999973
2.0040000000000013 0.01906499999999944
2.0050000000000012 0.018644499999999488
2.0060000000000016 0.01822399999999935
2.0070000000000014 0.017803499999999393
2.0080000000000013 0.017383000000000565
2.0090000000000012 0.017805750000000516
2.0100000000000016 0.018228500000000657
2.0110000000000015 0.01865125000000061
2.0120000000000013 0.019074
2.0130000000000012 0.019074
2.0140000000000016 0.019074
2.0150000000000015 0.019074
2.0160000000000013 0.01907400000000063
2.0170000000000012 0.019545000000000576
2.0180000000000016 0.02001600000000073
2.0190000000000015 0.020487000000000682
2.0200000000000014 0.020957999999999383
2.0210000000000012 0.020495749999999435
2.0220000000000016 0.02003349999999928
2.0230000000000015 0.019571249999999332
2.0240000000000014 0.01910900000000002
2.0250000000000012 0.019122500000000014
2.0260000000000016 0.01913600000000002
2.0270000000000015 0.01914950000000002
2.0280000000000014 0.019162999999999434
2.0290000000000012 0.018737499999999477
2.0300000000000016 0.01831199999999934
2.0310000000000015 0.017886499999999386
2.0320000000000014 0.01746100000000054
2.0330000000000013 0.017866500000000497
2.0340000000000016 0.01827200000000063
2.0350000000000015 0.018677500000000586
2.0360000000000014 0.019083000000000017
2.0370000000000013 0.019094000000000014
2.0380000000000016 0.019105000000000018
2.0390000000000015 0.01911600000000002
2.0400000000000014 0.019127000000000012
2.0410000000000013 0.01913600000000001
2.0420000000000016 0.019145000000000013
2.0430000000000015 0.019154000000000015
2.0440000000000014 0.019162999999999996
2.0450000000000013 0.019160749999999997
2.0460000000000016 0.019158499999999995
2.0470000000000015 0.019156249999999996
2.0480000000000014 0.019154000000000008
2.0490000000000013 0.019160750000000008
2.0500000000000016 0.01916750000000001
2.0510000000000015 0.019174250000000007
2.0520000000000014 0.019181000000000014
2.0530000000000013 0.019192500000000015
2.0540000000000016 0.01920400000000002
2.0550000000000015 0.019215500000000017
2.0560000000000014 0.019227
2.0570000000000013 0.019227
2.0580000000000016 0.019227
2.0590000000000015 0.019227
2.0600000000000014 0.019227000000000015
2.0610000000000013 0.019238250000000016
2.0620000000000016 0.019249500000000017
2.0630000000000015 0.019260750000000017
2.0640000000000014 0.01927200000000001
2.0650000000000013 0.01928100000000001
2.0660000000000016 0.019290000000000015
2.0670000000000015 0.019299000000000014
2.0680000000000014 0.019308000000000006
2.0690000000000013 0.019312750000000007
2.0700000000000016 0.01931750000000001
2.0710000000000015 0.019322250000000006
2.0720000000000014 0.019327000000000004
2.0730000000000013 0.019329250000000003
2.0740000000000016 0.019331500000000005
2.0750000000000015 0.019333750000000004
2.0760000000000014 0.019336
2.0770000000000013 0.019336
2.0780000000000016 0.019336
2.0790000000000015 0.019336
2.0800000000000014 0.019452875000000362
2.0810000000000013 0.019469333333333227
2.0820000000000016 0.019344000000000344
2.0830000000000015 0.01951033333333341
2.0840000000000014 0.019573250000000122
2.0850000000000013 0.019625125000000035
2.0860000000000016 0.0196291111111111
2.0870000000000015 0.019607000000000027
2.0880000000000014 0.019624000000000016
2.0890000000000013 0.01964337500000006
2.0900000000000016 0.019693444444444545
2.0910000000000015 0.019753000000000086
2.0920000000000014 0.01976055555555555
2.0930000000000013 0.019728666666666606
2.0940000000000016 0.019678749999999936
2.0950000000000015 0.01964855555555552
2.0960000000000014 0.019619874999999943
2.0970000000000013 0.019592374999999974
2.0980000000000016 0.01959999999999997
2.0990000000000015 0.01958844444444445
2.1000000000000014 0.019586624999999983
2.1010000000000013 0.019581
2.1020000000000016 0.0195936666666667
2.1030000000000015 0.019583374999999962
2.1040000000000014 0.019559000000000028
2.1050000000000013 0.01957955555555558
2.1060000000000016 0.019597625000000028
2.1070000000000015 0.019590888888888842
2.1080000000000014 0.01956899999999998
2.1090000000000013 0.019566
2.1100000000000017 0.019541999999999973
2.1110000000000015 0.019533777777777813
2.1120000000000014 0.019567625000000106
2.1130000000000013 0.019644222222222344
2.1140000000000017 0.019684666666666687
2.1150000000000015 0.019692375000000012
2.1160000000000014 0.019708999999999945
2.1170000000000013 0.01966066666666657
2.1180000000000017 0.019587999999999897
2.1190000000000015 0.019532999999999932
2.1200000000000014 0.0194886666666666
2.1210000000000013 0.019395666666666513
2.1220000000000017 0.019318999999999954
2.1230000000000016 0.019297555555555578
2.1240000000000014 0.019326444444444556
2.1250000000000013 0.019411000000000126
2.1260000000000017 0.019472111111111166
2.1270000000000016 0.019482999999999993
2.1280000000000014 0.01945049999999993
2.1290000000000013 0.019432000000000005
2.1300000000000017 0.019436777777777806
2.1310000000000016 0.019447499999999972
2.1320000000000014 0.01942455555555551
2.1330000000000013 0.019384555555555488
2.1340000000000017 0.019337666666666593
2.1350000000000016 0.019319333333333324
2.1360000000000015 0.019327000000000035
2.1370000000000013 0.019350777777777776
2.1380000000000017 0.01934144444444438
2.1390000000000016 0.019314333333333333
2.1400000000000015 0.019301999999999965
2.1410000000000013 0.019305666666666697
2.1420000000000017 0.0193627777777779
2.1430000000000016 0.019368999999999983
2.1440000000000015 0.019290999999999926
2.1450000000000014 0.019240444444444435
2.1460000000000017 0.019237750000000015
2.1470000000000016 0.01922833333333327
2.1480000000000015 0.01920833333333333
2.1490000000000014 0.019218333333333358
2.1500000000000017 0.01919444444444437
2.1510000000000016 0.01911577777777764
2.1520000000000015 0.019066000000000017
2.1530000000000014 0.019081000000000046
2.1540000000000017 0.01910700000000002
2.1550000000000016 0.019132333333333425
2.1560000000000015 0.01920722222222236
2.1570000000000014 0.019295000000000114
2.1580000000000017 0.019351000000000066
2.1590000000000016 0.0193591111111111
2.1600000000000015 0.019317999999999922
2.1610000000000014 0.019266999999999913
2.1620000000000017 0.019203333333333277
2.1630000000000016 0.01917777777777781
2.1640000000000015 0.01919166666666667
2.1650000000000014 0.01917033333333326
2.1660000000000017 0.019106444444444325
2.1670000000000016 0.019053999999999932
2.1680000000000015 0.01903266666666665
2.1690000000000014 0.018985555555555467
2.1700000000000017 0.01897500000000014
2.1710000000000016 0.0190504444444445
2.1720000000000015 0.01906733333333326
2.1730000000000014 0.019029333333333332
2.1740000000000017 0.019044400000000072
2.1750000000000016 0.019070777777777784
2.1760000000000015 0.01904355555555547
2.1770000000000014 0.01902666666666668
2.1780000000000017 0.01905800000000007
2.1790000000000016 0.019072222222222233
2.1800000000000015 0.019039999999999984
2.1810000000000014 0.019027999999999975
2.1820000000000017 0.019004333333333227
2.1830000000000016 0.018933444444444295
2.1840000000000015 0.018857666666666596
2.1850000000000014 0.018815799999999955
2.1860000000000017 0.01879688888888889
2.1870000000000016 0.018799666666666673
2.1880000000000015 0.018807000000000015
2.1890000000000014 0.01882890000000004
2.1900000000000017 0.01887588888888899
2.1910000000000016 0.01894211111111122
2.1920000000000015 0.01896299999999996
2.1930000000000014 0.018931999999999997
2.1940000000000017 0.018930222222222227
2.1950000000000016 0.018931111111111103
2.1960000000000015 0.018927099999999995
2.1970000000000014 0.018928000000000014
2.1980000000000017 0.018940666666666696
2.1990000000000016 0.018941499999999976
2.2000000000000015 0.018898444444444343
2.2010000000000014 0.018833333333333244
2.2020000000000017 0.01878979999999994
2.2030000000000016 0.018761888888888845
2.2040000000000015 0.01874277777777775
2.2050000000000014 0.018710399999999947
2.2060000000000017 0.01871200000000015
2.2070000000000016 0.018796000000000142
2.2080000000000015 0.01887188888888895
2.2090000000000014 0.018898799999999973
2.2100000000000017 0.01887666666666662
2.2110000000000016 0.018847199999999942
2.2120000000000015 0.01880599999999992
2.2130000000000014 0.01877680000000001
2.2140000000000017 0.018805888888888993
2.2150000000000016 0.018852500000000046
2.2160000000000015 0.018865222222222214
2.2170000000000014 0.018834333333333262
2.2180000000000017 0.018801099999999953
2.2190000000000016 0.018785999999999983
2.2200000000000015 0.018797600000000025
2.2210000000000014 0.018836555555555624
2.2220000000000018 0.018850000000000016
2.2230000000000016 0.018812299999999935
2.2240000000000015 0.018756999999999933
2.2250000000000014 0.018706999999999904
2.2260000000000018 0.018641499999999978
2.2270000000000016 0.018633888888888984
2.2280000000000015 0.018689600000000074
2.2290000000000014 0.018728888888888923
2.2300000000000018 0.018742099999999973
2.2310000000000016 0.018723099999999947
2.2320000000000015 0.0186866666666666
2.2330000000000014 0.018645599999999953
2.2340000000000018 0.018613333333333287
2.2350000000000017 0.018605500000000018
2.2360000000000015 0.018616000000000014
2.2370000000000014 0.018646000000000072
2.2380000000000018 0.018700800000000104
2.2390000000000017 0.01873420000000003
2.2400000000000015 0.01873299999999998
2.2410000000000014 0.018719199999999978
2.2420000000000018 0.018680699999999918
2.2430000000000017 0.018641499999999946
2.2440000000000015 0.01860999999999996
2.2450000000000014 0.018623200000000034
2.2460000000000018 0.01864720000000004
2.2470000000000017 0.018635111111111078
2.2480000000000016 0.01859249999999993
2.2490000000000014 0.018578999999999984
2.2500000000000018 0.018587000000000017
2.2510000000000017 0.018608999999999987
2.2520000000000016 0.018601999999999994
2.2530000000000014 0.018597000000000006
2.254000000000002 0.018602000000000004
2.2550000000000017 0.018603999999999937
2.2560000000000016 0.01856909999999997
2.2570000000000014 0.018551699999999994
2.258000000000002 0.018548299999999986
2.2590000000000017 0.018538399999999945
2.2600000000000016 0.01850529999999999
2.2610000000000015 0.01850300000000006
2.262000000000002 0.01854400000000008
2.2630000000000017 0.018584800000000044
2.2640000000000016 0.018603599999999998
2.2650000000000015 0.018594799999999953
2.266000000000002 0.01855359999999989
2.2670000000000017 0.018487599999999854
2.2680000000000016 0.018416399999999954
2.2690000000000015 0.018392999999999993
2.270000000000002 0.018392800000000032
2.2710000000000017 0.018416200000000073
2.2720000000000016 0.018459000000000086
2.2730000000000015 0.01850180000000002
2.274000000000002 0.01850722222222217
2.2750000000000017 0.01846989999999991
2.2760000000000016 0.018415599999999924
2.2770000000000015 0.018371199999999945
2.278000000000002 0.018335799999999937
2.2790000000000017 0.018304363636363594
2.2800000000000016 0.018283399999999995
2.2810000000000015 0.01827919999999999
2.282000000000002 0.01826999999999998
2.2830000000000017 0.01825859999999997
2.2840000000000016 0.018240799999999963
2.2850000000000015 0.01822540000000001
2.286000000000002 0.018229599999999988
2.2870000000000017 0.018215799999999928
2.2880000000000016 0.018177799999999956
2.2890000000000015 0.018157400000000004
2.290000000000002 0.018165200000000055
2.2910000000000017 0.018194000000000033
2.2920000000000016 0.018214363636363674
2.2930000000000015 0.018237800000000057
2.294000000000002 0.018273900000000037
2.2950000000000017 0.018287899999999954
2.2960000000000016 0.018254999999999924
2.2970000000000015 0.018204699999999917
2.298000000000002 0.01815481818181814
2.2990000000000017 0.018132999999999934
2.3000000000000016 0.01809699999999994
2.3010000000000015 0.018062999999999996
2.302000000000002 0.018059000000000002
2.3030000000000017 0.01805899999999991
2.3040000000000016 0.018007181818181738
2.3050000000000015 0.017977699999999958
2.306000000000002 0.01800290000000006
2.3070000000000017 0.018064500000000105
2.3080000000000016 0.018116000000000087
2.3090000000000015 0.018158000000000056
2.310000000000002 0.01818920000000005
2.3110000000000017 0.018187727272727258
2.3120000000000016 0.01814369999999991
2.3130000000000015 0.018092399999999925
2.314000000000002 0.01805636363636358
2.3150000000000017 0.018035599999999975
2.3160000000000016 0.01802699999999999
2.3170000000000015 0.01802663636363637
2.318000000000002 0.018026499999999994
2.3190000000000017 0.018022999999999994
2.3200000000000016 0.018014181818181797
2.3210000000000015 0.018008000000000007
2.322000000000002 0.017999399999999947
2.3230000000000017 0.017971454545454502
2.3240000000000016 0.01794609999999996
2.3250000000000015 0.017924818181818156
2.326000000000002 0.017909999999999992
2.3270000000000017 0.017904181818181802
2.3280000000000016 0.01789459999999998
2.3290000000000015 0.017884818181818224
2.330000000000002 0.01791300000000004
2.3310000000000017 0.017935000000000003
2.3320000000000016 0.017936818181818186
2.3330000000000015 0.0179352
2.334000000000002 0.017926818181818165
2.3350000000000017 0.01791139999999997
2.3360000000000016 0.017891999999999967
2.3370000000000015 0.017861499999999947
2.338000000000002 0.017832545454545407
2.3390000000000017 0.017814799999999978
2.3400000000000016 0.017811090909090912
2.3410000000000015 0.017824000000000038
2.342000000000002 0.017849181818181868
2.3430000000000017 0.017871000000000026
2.3440000000000016 0.01788836363636367
2.3450000000000015 0.01790245454545454
2.346000000000002 0.017891399999999915
2.3470000000000018 0.017842272727272634
2.3480000000000016 0.017791272727272687
2.3490000000000015 0.017763999999999995
2.350000000000002 0.017759999999999988
2.3510000000000018 0.017753636363636353
2.3520000000000016 0.017737454545454515
2.3530000000000015 0.01772759999999999
2.354000000000002 0.01770345454545449
2.3550000000000018 0.01766763636363629
2.3560000000000016 0.01764179999999997
2.3570000000000015 0.017635
2.358000000000002 0.017633181818181812
2.3590000000000018 0.017636090909090928
2.3600000000000017 0.017650100000000026
2.3610000000000015 0.01766854545454549
2.362000000000002 0.01768818181818184
2.3630000000000018 0.01769618181818178
2.3640000000000017 0.01767799999999997
2.3650000000000015 0.017661999999999983
2.366000000000002 0.017650181818181794
2.3670000000000018 0.017626090909090862
2.3680000000000017 0.017598454545454497
2.3690000000000015 0.017559454545454482
2.370000000000002 0.01753179999999997
2.3710000000000018 0.017514636363636333
2.3720000000000017 0.017492818181818137
2.3730000000000016 0.017481727272727295
2.374000000000002 0.017502818181818265
2.3750000000000018 0.017539727272727297
2.3760000000000017 0.017551090909090895
2.3770000000000016 0.017541999999999974
2.378000000000002 0.01752836363636361
2.379000000000002 0.017534200000000014
2.3800000000000017 0.01751372727272723
2.3810000000000016 0.017505363636363628
2.382000000000002 0.017520545454545497
2.383000000000002 0.017542000000000033
2.3840000000000017 0.01753245454545448
2.3850000000000016 0.01748609090909081
2.386000000000002 0.017433727272727195
2.387000000000002 0.017394454545454487
2.3880000000000017 0.017360454545454474
2.3890000000000016 0.01731499999999998
2.390000000000002 0.017304090909090887
2.391000000000002 0.017328363636363687
2.3920000000000017 0.01734927272727276
2.3930000000000016 0.017339727272727243
2.394000000000002 0.017315727272727222
2.395000000000002 0.017303909090909092
2.3960000000000017 0.017313000000000033
2.3970000000000016 0.017323999999999985
2.398000000000002 0.017313636363636337
2.399000000000002 0.0173
2.4000000000000017 0.0173
000000017,0.0173
