0.4 0.08632
0.401 0.08632
0.402 0.08632
0.403 0.08632
0.404 0.08632
0.405 0.08632
0.406 0.08632
0.40700000000000003 0.08632
0.40800000000000003 0.08632
0.40900000000000003 0.08632
0.41000000000000003 0.08632
0.41100000000000003 0.08632
0.41200000000000003 0.08632
0.41300000000000003 0.08632
0.41400000000000003 0.08632
0.41500000000000004 0.08632
0.41600000000000004 0.08632
0.41700000000000004 0.08632
0.41800000000000004 0.08632
0.41900000000000004 0.08632
0.42000000000000004 0.0863199999999998
0.42100000000000004 0.0828899999999998
0.42200000000000004 0.07946000000000002
0.42300000000000004 0.07974550000000001
0.42400000000000004 0.08003099999999998
0.42500000000000004 0.0798395
0.42600000000000005 0.07964800000000001
0.42700000000000005 0.07981450000000001
0.42800000000000005 0.07998099999999997
0.42900000000000005 0.07943699999999997
0.43000000000000005 0.07889299999999999
0.43100000000000005 0.0787935
0.43200000000000005 0.078694
0.43300000000000005 0.0787415
0.43400000000000005 0.07878900000000001
0.43500000000000005 0.079006
0.43600000000000005 0.07922299999999999
0.43700000000000006 0.07889849999999998
0.43800000000000006 0.078574
0.43900000000000006 0.078668
0.44000000000000006 0.07876199999999998
0.44100000000000006 0.07862949999999999
0.44200000000000006 0.07849699999999998
0.44300000000000006 0.07817849999999998
0.44400000000000006 0.07786
0.44500000000000006 0.07804350000000002
0.44600000000000006 0.078227
0.44700000000000006 0.07824750000000001
0.44800000000000006 0.07826799999999999
0.44900000000000007 0.07798349999999998
0.45000000000000007 0.077699
0.45100000000000007 0.07783000000000001
0.45200000000000007 0.077961
0.45300000000000007 0.077964
0.45400000000000007 0.07796700000000001
0.45500000000000007 0.0779755
0.45600000000000007 0.077984
0.4570000000000001 0.077886
0.4580000000000001 0.07778800000000001
0.4590000000000001 0.0777325
0.4600000000000001 0.07767699999999998
0.4610000000000001 0.07758599999999999
0.4620000000000001 0.077495
0.4630000000000001 0.07740449999999999
0.4640000000000001 0.077314
0.4650000000000001 0.0773295
0.4660000000000001 0.07734499999999998
0.4670000000000001 0.07713949999999999
0.4680000000000001 0.076934
0.4690000000000001 0.07698
0.4700000000000001 0.077026
0.4710000000000001 0.07690699999999999
0.4720000000000001 0.076788
0.4730000000000001 0.07672549999999999
0.4740000000000001 0.07666299999999998
0.4750000000000001 0.076578
0.4760000000000001 0.076493
0.4770000000000001 0.07652350000000001
0.4780000000000001 0.076554
0.4790000000000001 0.07650199999999999
0.4800000000000001 0.07644999999999999
0.4810000000000001 0.07634849999999999
0.4820000000000001 0.076247
0.4830000000000001 0.07618699999999999
0.4840000000000001 0.076127
0.4850000000000001 0.0760875
0.4860000000000001 0.07604799999999999
0.4870000000000001 0.075985
0.4880000000000001 0.07592199999999999
0.4890000000000001 0.07585049999999999
0.4900000000000001 0.075779
0.4910000000000001 0.0757495
0.4920000000000001 0.07572
0.4930000000000001 0.07563199999999999
0.4940000000000001 0.075544
0.4950000000000001 0.07547949999999999
0.4960000000000001 0.075415
0.4970000000000001 0.0753785
0.4980000000000001 0.07534199999999999
0.4990000000000001 0.075289
0.5000000000000001 0.075236
0.5010000000000001 0.075166
0.5020000000000001 0.075096
0.5030000000000001 0.07500099999999998
0.5040000000000001 0.074906
0.5050000000000001 0.0748975
0.5060000000000001 0.074889
0.5070000000000001 0.07482449999999999
0.5080000000000001 0.07476
0.5090000000000001 0.074735
0.5100000000000001 0.07471
0.5110000000000001 0.07465349999999998
0.5120000000000001 0.074597
0.5130000000000001 0.07456099999999999
0.5140000000000001 0.074525
0.5150000000000001 0.074487
0.5160000000000001 0.07444899999999999
0.5170000000000001 0.0743865
0.5180000000000001 0.074324
0.5190000000000001 0.07422799999999999
0.5200000000000001 0.074132
0.5210000000000001 0.0741045
0.5220000000000001 0.07407699999999999
0.5230000000000001 0.07400199999999998
0.5240000000000001 0.07392699999999999
0.5250000000000001 0.07386999999999999
0.5260000000000001 0.073813
0.5270000000000001 0.073808
0.5280000000000001 0.073803
0.5290000000000001 0.07375799999999999
0.5300000000000001 0.073713
0.5310000000000001 0.073687
0.5320000000000001 0.07366099999999999
0.5330000000000001 0.07360499999999999
0.5340000000000001 0.073549
0.5350000000000001 0.073541
0.5360000000000001 0.073533
0.5370000000000001 0.07352249999999999
0.5380000000000001 0.073512
0.5390000000000001 0.073459
0.5400000000000001 0.073406
0.5410000000000001 0.0734015
0.5420000000000001 0.07339699999999999
0.5430000000000001 0.07332399999999999
0.5440000000000002 0.073251
0.5450000000000002 0.073194
0.5460000000000002 0.073137
0.5470000000000002 0.07306249999999999
0.5480000000000002 0.072988
0.5490000000000002 0.072945
0.5500000000000002 0.07290199999999998
0.5510000000000002 0.07278249999999999
0.5520000000000002 0.07266299999999999
0.5530000000000002 0.07260699999999999
0.5540000000000002 0.07255099999999999
0.5550000000000002 0.0725525
0.5560000000000002 0.072554
0.5570000000000002 0.07250399999999999
0.5580000000000002 0.072454
0.5590000000000002 0.0724555
0.5600000000000002 0.072457
0.5610000000000002 0.07241199999999999
0.5620000000000002 0.07236699999999999
0.5630000000000002 0.07222499999999997
0.5640000000000002 0.07208299999999994
0.5650000000000002 0.07179399999999994
0.5660000000000002 0.07150499999999992
0.5670000000000002 0.07111499999999991
0.5680000000000002 0.07072499999999993
0.5690000000000002 0.07041999999999993
0.5700000000000002 0.07011499999999998
0.5710000000000002 0.07008849999999998
0.5720000000000002 0.07006200000000005
0.5730000000000002 0.07036000000000006
0.5740000000000002 0.0706580000000001
0.5750000000000002 0.0710910000000001
0.5760000000000002 0.07152400000000009
0.5770000000000002 0.07188200000000008
0.5780000000000002 0.07224000000000004
0.5790000000000002 0.07239400000000003
0.5800000000000002 0.072548
0.5810000000000002 0.072531
0.5820000000000002 0.07251399999999998
0.5830000000000002 0.07237499999999997
0.5840000000000002 0.07223599999999995
0.5850000000000002 0.07204049999999997
0.5860000000000002 0.07184499999999996
0.5870000000000002 0.07169549999999997
0.5880000000000002 0.071546
0.5890000000000002 0.071549
0.5900000000000002 0.07155200000000005
0.5910000000000002 0.07175400000000004
0.5920000000000002 0.07195600000000005
0.5930000000000002 0.07220250000000006
0.5940000000000002 0.07244900000000003
0.5950000000000002 0.07254850000000002
0.5960000000000002 0.07264799999999996
0.5970000000000002 0.07246249999999996
0.5980000000000002 0.07227699999999991
0.5990000000000002 0.07191199999999992
0.6000000000000002 0.07154699999999992
0.6010000000000002 0.07117449999999992
0.6020000000000002 0.07080199999999995
0.6030000000000002 0.07057449999999994
0.6040000000000002 0.07034699999999999
0.6050000000000002 0.070293
0.6060000000000002 0.07023900000000002
0.6070000000000002 0.07033700000000002
0.6080000000000002 0.07043500000000005
0.6090000000000002 0.07065650000000005
0.6100000000000002 0.07087800000000005
0.6110000000000002 0.07112950000000005
0.6120000000000002 0.07138100000000003
0.6130000000000002 0.07153100000000003
0.6140000000000002 0.07168099999999998
0.6150000000000002 0.07160399999999999
0.6160000000000002 0.07152699999999994
0.6170000000000002 0.07123749999999994
0.6180000000000002 0.07094799999999993
0.6190000000000002 0.07058049999999992
0.6200000000000002 0.07021299999999993
0.6210000000000002 0.06990549999999994
0.6220000000000002 0.06959799999999997
0.6230000000000002 0.06942049999999997
0.6240000000000002 0.06924299999999999
0.6250000000000002 0.06917199999999998
0.6260000000000002 0.069101
0.6270000000000002 0.069106
0.6280000000000002 0.069111
0.6290000000000002 0.0691675
0.6300000000000002 0.06922400000000001
0.6310000000000002 0.06931750000000002
0.6320000000000002 0.06941100000000003
0.6330000000000002 0.06952950000000002
0.6340000000000002 0.06964800000000003
0.6350000000000002 0.06978000000000004
0.6360000000000002 0.06991200000000003
0.6370000000000002 0.07004450000000002
0.6380000000000002 0.07017700000000002
0.6390000000000002 0.07029850000000003
0.6400000000000002 0.07042000000000001
0.6410000000000002 0.07048450000000002
0.6420000000000002 0.07054899999999993
0.6430000000000002 0.07026649999999994
0.6440000000000002 0.06998399999999988
0.6450000000000002 0.06942499999999988
0.6460000000000002 0.06886599999999993
0.6470000000000002 0.06855949999999993
0.6480000000000002 0.06825300000000002
0.6490000000000002 0.06834550000000002
0.6500000000000002 0.06843800000000005
0.6510000000000002 0.06873200000000006
0.6520000000000002 0.06902600000000006
0.6530000000000002 0.06931500000000006
0.6540000000000002 0.06960400000000004
0.6550000000000002 0.06977650000000005
0.6560000000000002 0.06994900000000003
0.6570000000000003 0.07005100000000003
0.6580000000000003 0.07015300000000002
0.6590000000000003 0.07024350000000001
0.6600000000000003 0.07033400000000004
0.6610000000000003 0.07044800000000002
0.6620000000000003 0.07056200000000001
0.6630000000000003 0.07065500000000002
0.6640000000000003 0.07074799999999999
0.6650000000000003 0.0707565
0.6660000000000003 0.07076499999999998
0.6670000000000003 0.07064199999999997
0.6680000000000003 0.07051899999999996
0.6690000000000003 0.07032849999999996
0.6700000000000003 0.07013799999999996
0.6710000000000003 0.06999549999999996
0.6720000000000003 0.069853
0.6730000000000003 0.0698685
0.6740000000000003 0.06988400000000004
0.6750000000000003 0.07003600000000003
0.6760000000000003 0.07018800000000003
0.6770000000000003 0.07032600000000003
0.6780000000000003 0.070464
0.6790000000000003 0.070431
0.6800000000000003 0.07039799999999995
0.6810000000000003 0.07018599999999994
0.6820000000000003 0.06997399999999997
0.6830000000000003 0.06985399999999997
0.6840000000000003 0.069734
0.6850000000000003 0.0697455
0.6860000000000003 0.06975700000000001
0.6870000000000003 0.06984050000000003
0.6880000000000003 0.06992400000000004
0.6890000000000003 0.07002050000000003
0.6900000000000003 0.07011700000000003
0.6910000000000003 0.07019750000000002
0.6920000000000003 0.07027799999999998
0.6930000000000003 0.07018699999999997
0.6940000000000003 0.07009600000000003
0.6950000000000003 0.07021100000000004
0.6960000000000003 0.07032599999999994
0.6970000000000003 0.07015249999999994
0.6980000000000003 0.06997900000000003
0.6990000000000003 0.07009150000000003
0.7000000000000003 0.07020399999999999
0.7010000000000003 0.07014899999999998
0.7020000000000003 0.07009400000000003
0.7030000000000003 0.07017600000000003
0.7040000000000003 0.07025799999999997
0.7050000000000003 0.07017399999999997
0.7060000000000003 0.07008999999999999
0.7070000000000003 0.07002749999999998
0.7080000000000003 0.06996500000000003
0.7090000000000003 0.07004550000000002
0.7100000000000003 0.07012599999999997
0.7110000000000003 0.07004399999999997
0.7120000000000003 0.06996200000000004
0.7130000000000003 0.07008900000000004
0.7140000000000003 0.07021599999999999
0.7150000000000003 0.07017299999999999
0.7160000000000003 0.07012999999999998
0.7170000000000003 0.070116
0.7180000000000003 0.07010200000000001
0.7190000000000003 0.07011750000000001
0.7200000000000003 0.07013299999999997
0.7210000000000003 0.07004499999999997
0.7220000000000003 0.06995699999999999
0.7230000000000003 0.06991149999999999
0.7240000000000003 0.06986600000000003
0.7250000000000003 0.06992650000000002
0.7260000000000003 0.06998699999999997
0.7270000000000003 0.06987599999999997
0.7280000000000003 0.06976500000000004
0.7290000000000003 0.06989250000000004
0.7300000000000003 0.07001999999999994
0.7310000000000003 0.06986599999999994
0.7320000000000003 0.06971200000000002
0.7330000000000003 0.06980350000000002
0.7340000000000003 0.069895
0.7350000000000003 0.0699165
0.7360000000000003 0.06993799999999999
0.7370000000000003 0.06989199999999998
0.7380000000000003 0.06984599999999999
0.7390000000000003 0.06981049999999998
0.7400000000000003 0.06977499999999999
0.7410000000000003 0.06974
0.7420000000000003 0.06970500000000002
0.7430000000000003 0.06973000000000001
0.7440000000000003 0.06975500000000001
0.7450000000000003 0.069773
0.7460000000000003 0.06979099999999998
0.7470000000000003 0.06972599999999998
0.7480000000000003 0.06966100000000001
0.7490000000000003 0.06970200000000001
0.7500000000000003 0.06974300000000003
0.7510000000000003 0.06978750000000002
0.7520000000000003 0.06983199999999998
0.7530000000000003 0.06978949999999999
0.7540000000000003 0.069747
0.7550000000000003 0.069747
0.7560000000000003 0.06974699999999999
0.7570000000000003 0.06971699999999999
0.7580000000000003 0.06968700000000001
0.7590000000000003 0.06972000000000002
0.7600000000000003 0.069753
0.7610000000000003 0.0697625
0.7620000000000003 0.06977199999999999
0.7630000000000003 0.06972649999999998
0.7640000000000003 0.069681
0.7650000000000003 0.06971100000000001
0.7660000000000003 0.06974100000000001
0.7670000000000003 0.06977700000000002
0.7680000000000003 0.06981299999999997
0.7690000000000003 0.06972899999999997
0.7700000000000004 0.06964500000000001
0.7710000000000004 0.0696805
0.7720000000000004 0.06971599999999997
0.7730000000000004 0.06966349999999999
0.7740000000000004 0.069611
0.7750000000000004 0.06963900000000002
0.7760000000000004 0.06966699999999999
0.7770000000000004 0.06963449999999999
0.7780000000000004 0.069602
0.7790000000000004 0.06956899999999999
0.7800000000000004 0.069536
0.7810000000000004 0.0695655
0.7820000000000004 0.069595
0.7830000000000004 0.069606
0.7840000000000004 0.06961700000000001
0.7850000000000004 0.06964500000000001
0.7860000000000004 0.06967300000000001
0.7870000000000004 0.06971100000000001
0.7880000000000004 0.06974899999999998
0.7890000000000004 0.06967049999999998
0.7900000000000004 0.06959200000000001
0.7910000000000004 0.06961450000000001
0.7920000000000004 0.069637
0.7930000000000004 0.0696345
0.7940000000000004 0.069632
0.7950000000000004 0.069633
0.7960000000000004 0.06963399999999999
0.7970000000000004 0.06960249999999998
0.7980000000000004 0.06957100000000001
0.7990000000000004 0.06960350000000001
0.8000000000000004 0.06963599999999999
0.8010000000000004 0.0696318
0.8020000000000004 0.0696276
0.8030000000000004 0.06962339999999999
0.8040000000000004 0.06961919999999999
0.8050000000000004 0.069615
0.8060000000000004 0.06961079999999999
0.8070000000000004 0.0696066
0.8080000000000004 0.0696024
0.8090000000000004 0.0695982
0.8100000000000004 0.06959399999999999
0.8110000000000004 0.0695898
0.8120000000000004 0.0695856
0.8130000000000004 0.06958139999999999
0.8140000000000004 0.06957719999999999
0.8150000000000004 0.069573
0.8160000000000004 0.06956879999999999
0.8170000000000004 0.06956459999999999
0.8180000000000004 0.0695604
0.8190000000000004 0.0695562
0.8200000000000004 0.069552
0.8210000000000004 0.06956205
0.8220000000000004 0.0695721
0.8230000000000004 0.06958215
0.8240000000000004 0.0695922
0.8250000000000004 0.06960225
0.8260000000000004 0.0696123
0.8270000000000004 0.06962235
0.8280000000000004 0.0696324
0.8290000000000004 0.06964245
0.8300000000000004 0.0696525
0.8310000000000004 0.06966255
0.8320000000000004 0.0696726
0.8330000000000004 0.06968265000000001
0.8340000000000004 0.0696927
0.8350000000000004 0.06970275
0.8360000000000004 0.0697128
0.8370000000000004 0.06972285
0.8380000000000004 0.0697329
0.8390000000000004 0.06974295000000001
0.8400000000000004 0.069753
0.8410000000000004 0.0697443
0.8420000000000004 0.0697356
0.8430000000000004 0.0697269
0.8440000000000004 0.0697182
0.8450000000000004 0.0697095
0.8460000000000004 0.0697008
0.8470000000000004 0.06969209999999999
0.8480000000000004 0.06968339999999999
0.8490000000000004 0.06967469999999999
0.8500000000000004 0.06966599999999999
0.8510000000000004 0.06965729999999999
0.8520000000000004 0.0696486
0.8530000000000004 0.0696399
0.8540000000000004 0.0696312
0.8550000000000004 0.0696225
0.8560000000000004 0.0696138
0.8570000000000004 0.0696051
0.8580000000000004 0.0695964
0.8590000000000004 0.0695877
0.8600000000000004 0.069579
0.8610000000000004 0.06958505000000001
0.8620000000000004 0.0695911
0.8630000000000004 0.06959715000000001
0.8640000000000004 0.0696032
0.8650000000000004 0.06960925000000001
0.8660000000000004 0.0696153
0.8670000000000004 0.06962135000000001
0.8680000000000004 0.0696274
0.8690000000000004 0.06963345
0.8700000000000004 0.06963950000000001
0.8710000000000004 0.06964555
0.8720000000000004 0.0696516
0.8730000000000004 0.06965765
0.8740000000000004 0.06966370000000001
0.8750000000000004 0.06966975
0.8760000000000004 0.0696758
0.8770000000000004 0.06968185
0.8780000000000004 0.0696879
0.8790000000000004 0.06969395
0.8800000000000004 0.0697
0.8810000000000004 0.06970115
0.8820000000000005 0.0697023
0.8830000000000005 0.06970345
0.8840000000000005 0.0697046
0.8850000000000005 0.06970575
0.8860000000000005 0.06970689999999999
0.8870000000000005 0.06970805
0.8880000000000005 0.0697092
0.8890000000000005 0.06971034999999999
0.8900000000000005 0.0697115
0.8910000000000005 0.06971265
0.8920000000000005 0.06971379999999999
0.8930000000000005 0.06971495
0.8940000000000005 0.0697161
0.8950000000000005 0.06971725000000001
0.8960000000000005 0.0697184
0.8970000000000005 0.06971954999999999
0.8980000000000005 0.0697207
0.8990000000000005 0.06972185
0.9000000000000005 0.069723
0.9010000000000005 0.06972534999999999
0.9020000000000005 0.0697277
0.9030000000000005 0.06973005
0.9040000000000005 0.0697324
0.9050000000000005 0.06973475
0.9060000000000005 0.0697371
0.9070000000000005 0.06973945
0.9080000000000005 0.0697418
0.9090000000000005 0.06974415
0.9100000000000005 0.0697465
0.9110000000000005 0.06974885
0.9120000000000005 0.0697512
0.9130000000000005 0.06975355
0.9140000000000005 0.06975590000000001
0.9150000000000005 0.06975825000000001
0.9160000000000005 0.0697606
0.9170000000000005 0.06976295
0.9180000000000005 0.0697653
0.9190000000000005 0.06976765
0.9200000000000005 0.06977
0.9210000000000005 0.06977445
0.9220000000000005 0.0697789
0.9230000000000005 0.06978335000000001
0.9240000000000005 0.06978780000000001
0.9250000000000005 0.06979225
0.9260000000000005 0.0697967
0.9270000000000005 0.06980115
0.9280000000000005 0.06980560000000001
0.9290000000000005 0.06981005000000001
0.9300000000000005 0.0698145
0.9310000000000005 0.06981895
0.9320000000000005 0.06982340000000001
0.9330000000000005 0.06982785000000001
0.9340000000000005 0.06983230000000001
0.9350000000000005 0.06983675
0.9360000000000005 0.06984119999999999
0.9370000000000005 0.06984565
0.9380000000000005 0.0698501
0.9390000000000005 0.06985455
0.9400000000000005 0.069859
0.9410000000000005 0.0698562
0.9420000000000005 0.0698534
0.9430000000000005 0.0698506
0.9440000000000005 0.0698478
0.9450000000000005 0.06984499999999999
0.9460000000000005 0.0698422
0.9470000000000005 0.0698394
0.9480000000000005 0.0698366
0.9490000000000005 0.0698338
0.9500000000000005 0.06983099999999999
0.9510000000000005 0.06982819999999999
0.9520000000000005 0.0698254
0.9530000000000005 0.0698226
0.9540000000000005 0.0698198
0.9550000000000005 0.069817
0.9560000000000005 0.06981419999999999
0.9570000000000005 0.0698114
0.9580000000000005 0.0698086
0.9590000000000005 0.0698058
0.9600000000000005 0.06980299999999999
0.9610000000000005 0.06979389999999999
0.9620000000000005 0.0697848
0.9630000000000005 0.0697757
0.9640000000000005 0.06976659999999998
0.9650000000000005 0.0697575
0.9660000000000005 0.06974839999999999
0.9670000000000005 0.06973929999999999
0.9680000000000005 0.06973019999999999
0.9690000000000005 0.0697211
0.9700000000000005 0.069712
0.9710000000000005 0.0697029
0.9720000000000005 0.06969379999999999
0.9730000000000005 0.0696847
0.9740000000000005 0.0696756
0.9750000000000005 0.06966649999999999
0.9760000000000005 0.0696574
0.9770000000000005 0.0696483
0.9780000000000005 0.0696392
0.9790000000000005 0.0696301
0.9800000000000005 0.069621
0.9810000000000005 0.06962020000000001
0.9820000000000005 0.0696194
0.9830000000000005 0.0696186
0.9840000000000005 0.06961780000000001
0.9850000000000005 0.069617
0.9860000000000005 0.0696162
0.9870000000000005 0.06961540000000001
0.9880000000000005 0.0696146
0.9890000000000005 0.0696138
0.9900000000000005 0.069613
0.9910000000000005 0.0696122
0.9920000000000005 0.0696114
0.9930000000000005 0.0696106
0.9940000000000005 0.0696098
0.9950000000000006 0.06960899999999999
0.9960000000000006 0.0696082
0.9970000000000006 0.0696074
0.9980000000000006 0.0696066
0.9990000000000006 0.0696058
1.0000000000000004 0.069605
1.0010000000000006 0.0696067
1.0020000000000007 0.0696084
1.0030000000000006 0.0696101
1.0040000000000004 0.0696118
1.0050000000000006 0.0696135
1.0060000000000007 0.0696152
1.0070000000000006 0.0696169
1.0080000000000005 0.0696186
1.0090000000000006 0.0696203
1.0100000000000007 0.069622
1.0110000000000006 0.0696237
1.0120000000000005 0.0696254
1.0130000000000006 0.0696271
1.0140000000000007 0.0696288
1.0150000000000006 0.0696305
1.0160000000000005 0.06963219999999999
1.0170000000000006 0.0696339
1.0180000000000007 0.0696356
1.0190000000000006 0.0696373
1.0200000000000005 0.06963899999999999
1.0210000000000006 0.06962929999999999
1.0220000000000007 0.06961959999999999
1.0230000000000006 0.06960989999999999
1.0240000000000005 0.06960019999999999
1.0250000000000006 0.0695905
1.0260000000000007 0.06958079999999998
1.0270000000000006 0.0695711
1.0280000000000005 0.0695614
1.0290000000000006 0.0695517
1.0300000000000007 0.06954199999999999
1.0310000000000006 0.06953229999999999
1.0320000000000005 0.06952259999999999
1.0330000000000006 0.06951289999999999
1.0340000000000007 0.06950319999999999
1.0350000000000006 0.06949349999999999
1.0360000000000005 0.0694838
1.0370000000000006 0.06947409999999998
1.0380000000000007 0.0694644
1.0390000000000006 0.0694547
1.0400000000000005 0.06944499999999999
1.0410000000000006 0.06944299999999999
1.0420000000000007 0.069441
1.0430000000000006 0.06943899999999999
1.0440000000000005 0.069437
1.0450000000000006 0.069435
1.0460000000000007 0.069433
1.0470000000000006 0.06943099999999999
1.0480000000000005 0.069429
1.0490000000000006 0.06942699999999999
1.0500000000000007 0.069425
1.0510000000000006 0.069423
1.0520000000000005 0.069421
1.0530000000000006 0.069419
1.0540000000000007 0.069417
1.0550000000000006 0.06941499999999999
1.0560000000000005 0.069413
1.0570000000000006 0.069411
1.0580000000000007 0.069409
1.0590000000000006 0.069407
1.0600000000000005 0.069405
1.0610000000000006 0.06940955
1.0620000000000007 0.0694141
1.0630000000000006 0.06941865
1.0640000000000005 0.0694232
1.0650000000000006 0.06942775
1.0660000000000007 0.0694323
1.0670000000000006 0.06943685000000001
1.0680000000000005 0.0694414
1.0690000000000006 0.06944595
1.0700000000000007 0.0694505
1.0710000000000006 0.06945505
1.0720000000000005 0.06945960000000001
1.0730000000000006 0.06946415
1.0740000000000007 0.06946870000000001
1.0750000000000006 0.06947325
1.0760000000000005 0.0694778
1.0770000000000006 0.06948235
1.0780000000000007 0.0694869
1.0790000000000006 0.06949145000000001
1.0800000000000005 0.069496
1.0810000000000006 0.0694938
1.0820000000000007 0.0694916
1.0830000000000006 0.0694894
1.0840000000000005 0.0694872
1.0850000000000006 0.069485
1.0860000000000007 0.0694828
1.0870000000000006 0.0694806
1.0880000000000005 0.0694784
1.0890000000000006 0.0694762
1.0900000000000007 0.069474
1.0910000000000006 0.0694718
1.0920000000000005 0.06946959999999999
1.0930000000000006 0.0694674
1.0940000000000007 0.06946519999999999
1.0950000000000006 0.069463
1.0960000000000005 0.06946079999999999
1.0970000000000006 0.0694586
1.0980000000000008 0.0694564
1.0990000000000006 0.0694542
1.1000000000000005 0.069452
1.1010000000000006 0.06945319999999999
1.1020000000000008 0.0694544
1.1030000000000006 0.0694556
1.1040000000000005 0.0694568
1.1050000000000006 0.069458
1.1060000000000008 0.0694592
1.1070000000000007 0.0694604
1.1080000000000005 0.0694616
1.1090000000000007 0.06946279999999999
1.1100000000000008 0.06946400000000001
1.1110000000000007 0.0694652
1.1120000000000005 0.0694664
1.1130000000000007 0.0694676
1.1140000000000008 0.0694688
1.1150000000000007 0.06947
1.1160000000000005 0.0694712
1.1170000000000007 0.0694724
1.1180000000000008 0.06947360000000001
1.1190000000000007 0.0694748
1.1200000000000006 0.06947600000000001
1.1210000000000007 0.06949400000000001
1.1220000000000008 0.06951200000000002
1.1230000000000007 0.06953000000000001
1.1240000000000006 0.06954800000000001
1.1250000000000007 0.06956600000000002
1.1260000000000008 0.06958400000000002
1.1270000000000007 0.06960200000000001
1.1280000000000006 0.06962000000000002
1.1290000000000007 0.06963800000000002
1.1300000000000008 0.06965600000000002
1.1310000000000007 0.06967400000000001
1.1320000000000006 0.06969200000000002
1.1330000000000007 0.06971000000000002
1.1340000000000008 0.06972800000000001
1.1350000000000007 0.06974600000000002
1.1360000000000006 0.069764
1.1370000000000007 0.06978200000000001
1.1380000000000008 0.06980000000000001
1.1390000000000007 0.06981800000000002
1.1400000000000006 0.06983600000000002
1.1410000000000007 0.06986380000000002
1.1420000000000008 0.06989160000000003
1.1430000000000007 0.06991940000000002
1.1440000000000006 0.06994720000000001
1.1450000000000007 0.06997500000000002
1.1460000000000008 0.07000280000000003
1.1470000000000007 0.07003060000000003
1.1480000000000006 0.07005840000000002
1.1490000000000007 0.07008620000000003
1.1500000000000008 0.07011400000000002
1.1510000000000007 0.07014180000000002
1.1520000000000006 0.07016960000000001
1.1530000000000007 0.07019740000000002
1.1540000000000008 0.07022520000000003
1.1550000000000007 0.07025300000000002
1.1560000000000006 0.07028080000000002
1.1570000000000007 0.07030860000000003
1.1580000000000008 0.07033640000000002
1.1590000000000007 0.07036420000000003
1.1600000000000006 0.07039200000000001
1.1610000000000007 0.07040505000000001
1.1620000000000008 0.07041810000000001
1.1630000000000007 0.07043115000000001
1.1640000000000006 0.07044420000000001
1.1650000000000007 0.07045725000000001
1.1660000000000008 0.07047030000000001
1.1670000000000007 0.07048335
1.1680000000000006 0.07049640000000001
1.1690000000000007 0.07050945000000002
1.1700000000000008 0.0705225
1.1710000000000007 0.07053555000000002
1.1720000000000006 0.0705486
1.1730000000000007 0.07056165
1.1740000000000008 0.07057470000000002
1.1750000000000007 0.07058775
1.1760000000000006 0.0706008
1.1770000000000007 0.07061385
1.1780000000000008 0.0706269
1.1790000000000007 0.07063995
1.1800000000000006 0.07065300000000001
1.1810000000000007 0.07066385
1.1820000000000008 0.07067470000000001
1.1830000000000007 0.07068555000000001
1.1840000000000006 0.0706964
1.1850000000000007 0.07070725
1.1860000000000008 0.0707181
1.1870000000000007 0.07072895000000001
1.1880000000000006 0.0707398
1.1890000000000007 0.07075065
1.1900000000000008 0.0707615
1.1910000000000007 0.07077235000000001
1.1920000000000006 0.0707832
1.1930000000000007 0.07079405
1.1940000000000008 0.0708049
1.1950000000000007 0.07081575000000001
1.1960000000000006 0.0708266
1.1970000000000007 0.07083745000000001
1.1980000000000008 0.07084830000000002
1.1990000000000007 0.07085915000000001
1.2000000000000006 0.07087
1.2010000000000007 0.0708713
1.2020000000000008 0.0708726
1.2030000000000007 0.0708739
1.2040000000000006 0.0708752
1.2050000000000007 0.0708765
1.2060000000000008 0.07087779999999999
1.2070000000000007 0.0708791
1.2080000000000006 0.0708804
1.2090000000000007 0.07088169999999999
1.2100000000000009 0.070883
1.2110000000000007 0.0708843
1.2120000000000006 0.0708856
1.2130000000000007 0.0708869
1.2140000000000009 0.0708882
1.2150000000000007 0.0708895
1.2160000000000006 0.0708908
1.2170000000000007 0.0708921
1.2180000000000009 0.0708934
1.2190000000000007 0.0708947
1.2200000000000006 0.07089600000000003
1.2210000000000008 0.07093300000000002
1.2220000000000009 0.07097000000000003
1.2230000000000008 0.07100700000000003
1.2240000000000006 0.07104400000000002
1.2250000000000008 0.07108100000000003
1.2260000000000009 0.07111800000000003
1.2270000000000008 0.07115500000000002
1.2280000000000006 0.07119200000000002
1.2290000000000008 0.07122900000000003
1.2300000000000009 0.07126600000000004
1.2310000000000008 0.07130300000000003
1.2320000000000007 0.07134000000000001
1.2330000000000008 0.07137700000000002
1.2340000000000009 0.07141400000000003
1.2350000000000008 0.07145100000000003
1.2360000000000007 0.07148800000000002
1.2370000000000008 0.07152500000000002
1.2380000000000009 0.07156200000000003
1.2390000000000008 0.07159900000000002
1.2400000000000007 0.071636
1.2410000000000008 0.071645
1.2420000000000009 0.07165400000000001
1.2430000000000008 0.071663
1.2440000000000007 0.071672
1.2450000000000008 0.07168100000000001
1.2460000000000009 0.07169
1.2470000000000008 0.07169900000000001
1.2480000000000007 0.07170800000000001
1.2490000000000008 0.071717
1.2500000000000009 0.07172600000000001
1.2510000000000008 0.07173500000000001
1.2520000000000007 0.071744
1.2530000000000008 0.07175300000000001
1.254000000000001 0.07176200000000002
1.2550000000000008 0.07177100000000002
1.2560000000000007 0.07178000000000001
1.2570000000000008 0.07178900000000002
1.258000000000001 0.07179800000000001
1.2590000000000008 0.07180700000000001
1.2600000000000007 0.071816
1.2610000000000008 0.0718119
1.262000000000001 0.0718078
1.2630000000000008 0.0718037
1.2640000000000007 0.0717996
1.2650000000000008 0.0717955
1.266000000000001 0.0717914
1.2670000000000008 0.0717873
1.2680000000000007 0.0717832
1.2690000000000008 0.0717791
1.270000000000001 0.071775
1.2710000000000008 0.0717709
1.2720000000000007 0.0717668
1.2730000000000008 0.0717627
1.274000000000001 0.0717586
1.2750000000000008 0.0717545
1.2760000000000007 0.0717504
1.2770000000000008 0.0717463
1.278000000000001 0.0717422
1.2790000000000008 0.0717381
1.2800000000000007 0.07173399999999999
1.2810000000000008 0.07171699999999999
1.282000000000001 0.07169999999999999
1.2830000000000008 0.07168299999999998
1.2840000000000007 0.071666
1.2850000000000008 0.07164899999999999
1.286000000000001 0.07163199999999999
1.2870000000000008 0.07161499999999998
1.2880000000000007 0.071598
1.2890000000000008 0.07158099999999998
1.290000000000001 0.07156399999999999
1.2910000000000008 0.07154699999999999
1.2920000000000007 0.07152999999999998
1.2930000000000008 0.071513
1.294000000000001 0.07149599999999999
1.2950000000000008 0.07147899999999999
1.2960000000000007 0.071462
1.2970000000000008 0.071445
1.298000000000001 0.07142799999999999
1.2990000000000008 0.07141099999999999
1.3000000000000007 0.07139399999999999
1.3010000000000008 0.07136339999999998
1.302000000000001 0.07133279999999997
1.3030000000000008 0.07130219999999998
1.3040000000000007 0.07127159999999998
1.3050000000000008 0.07124099999999997
1.306000000000001 0.07121039999999997
1.3070000000000008 0.07117979999999997
1.3080000000000007 0.07114919999999998
1.3090000000000008 0.07111859999999998
1.310000000000001 0.07108799999999997
1.3110000000000008 0.07105739999999998
1.3120000000000007 0.07102679999999997
1.3130000000000008 0.07099619999999997
1.314000000000001 0.07096559999999998
1.3150000000000008 0.07093499999999998
1.3160000000000007 0.07090439999999998
1.3170000000000008 0.07087379999999997
1.318000000000001 0.07084319999999997
1.3190000000000008 0.07081259999999998
1.3200000000000007 0.07078200000000001
1.3210000000000008 0.07079690000000001
1.322000000000001 0.07081180000000001
1.3230000000000008 0.0708267
1.3240000000000007 0.0708416
1.3250000000000008 0.07085650000000002
1.326000000000001 0.0708714
1.3270000000000008 0.07088630000000001
1.3280000000000007 0.07090120000000001
1.3290000000000008 0.07091610000000001
1.330000000000001 0.07093100000000001
1.3310000000000008 0.0709459
1.3320000000000007 0.0709608
1.3330000000000009 0.07097570000000002
1.334000000000001 0.0709906
1.3350000000000009 0.07100550000000001
1.3360000000000007 0.07102040000000001
1.3370000000000009 0.07103530000000001
1.338000000000001 0.07105020000000001
1.3390000000000009 0.0710651
1.3400000000000007 0.07107999999999999
1.3410000000000009 0.0710808
1.342000000000001 0.0710816
1.3430000000000009 0.07108239999999999
1.3440000000000007 0.0710832
1.3450000000000009 0.071084
1.346000000000001 0.0710848
1.3470000000000009 0.0710856
1.3480000000000008 0.07108640000000001
1.3490000000000009 0.0710872
1.350000000000001 0.071088
1.3510000000000009 0.07108880000000001
1.3520000000000008 0.0710896
1.3530000000000009 0.0710904
1.354000000000001 0.0710912
1.3550000000000009 0.071092
1.3560000000000008 0.0710928
1.3570000000000009 0.0710936
1.358000000000001 0.0710944
1.3590000000000009 0.07109520000000001
1.3600000000000008 0.07109600000000005
1.3610000000000009 0.07115685000000005
1.362000000000001 0.07121770000000006
1.3630000000000009 0.07127855000000005
1.3640000000000008 0.07133940000000004
1.3650000000000009 0.07140025000000005
1.366000000000001 0.07146110000000007
1.3670000000000009 0.07152195000000006
1.3680000000000008 0.07158280000000004
1.3690000000000009 0.07164365000000006
1.370000000000001 0.07170450000000006
1.3710000000000009 0.07176535000000006
1.3720000000000008 0.07182620000000005
1.3730000000000009 0.07188705000000006
1.374000000000001 0.07194790000000006
1.3750000000000009 0.07200875000000007
1.3760000000000008 0.07206960000000005
1.377000000000001 0.07213045000000007
1.378000000000001 0.07219130000000007
1.379000000000001 0.07225215000000006
1.3800000000000008 0.07231300000000004
1.381000000000001 0.07236610000000004
1.382000000000001 0.07241920000000006
1.383000000000001 0.07247230000000006
1.3840000000000008 0.07252540000000005
1.385000000000001 0.07257850000000006
1.386000000000001 0.07263160000000006
1.387000000000001 0.07268470000000005
1.3880000000000008 0.07273780000000005
1.389000000000001 0.07279090000000005
1.390000000000001 0.07284400000000006
1.391000000000001 0.07289710000000006
1.3920000000000008 0.07295020000000005
1.393000000000001 0.07300330000000006
1.394000000000001 0.07305640000000006
1.395000000000001 0.07310950000000005
1.3960000000000008 0.07316260000000005
1.397000000000001 0.07321570000000005
1.398000000000001 0.07326880000000006
1.399000000000001 0.07332190000000006
1.4000000000000008 0.07337500000000002
1.4010000000000007 0.07340445000000002
1.402000000000001 0.07343390000000004
1.403000000000001 0.07346335000000004
1.4040000000000008 0.07349280000000002
1.4050000000000007 0.07352225000000003
1.406000000000001 0.07355170000000004
1.407000000000001 0.07358115000000004
1.4080000000000008 0.07361060000000003
1.4090000000000007 0.07364005000000003
1.410000000000001 0.07366950000000004
1.411000000000001 0.07369895000000003
1.4120000000000008 0.07372840000000003
1.4130000000000007 0.07375785000000003
1.414000000000001 0.07378730000000004
1.415000000000001 0.07381675000000003
1.4160000000000008 0.07384620000000003
1.4170000000000007 0.07387565000000001
1.418000000000001 0.07390510000000003
1.419000000000001 0.07393455000000003
1.4200000000000008 0.07396399999999999
1.4210000000000007 0.0739531
1.422000000000001 0.07394219999999999
1.423000000000001 0.07393129999999998
1.4240000000000008 0.07392039999999998
1.4250000000000007 0.07390949999999999
1.426000000000001 0.07389859999999998
1.427000000000001 0.07388769999999999
1.4280000000000008 0.07387679999999999
1.4290000000000007 0.07386589999999998
1.430000000000001 0.07385499999999999
1.431000000000001 0.0738441
1.4320000000000008 0.07383319999999999
1.4330000000000007 0.0738223
1.434000000000001 0.07381139999999999
1.435000000000001 0.07380049999999999
1.4360000000000008 0.0737896
1.4370000000000007 0.07377869999999999
1.438000000000001 0.0737678
1.439000000000001 0.07375689999999999
1.4400000000000008 0.07374599999999996
1.4410000000000007 0.07370934999999998
1.442000000000001 0.07367269999999997
1.443000000000001 0.07363604999999997
1.4440000000000008 0.07359939999999997
1.4450000000000007 0.07356274999999997
1.446000000000001 0.07352609999999996
1.447000000000001 0.07348944999999996
1.4480000000000008 0.07345279999999997
1.4490000000000007 0.07341614999999997
1.450000000000001 0.07337949999999996
1.451000000000001 0.07334284999999997
1.4520000000000008 0.07330619999999997
1.4530000000000007 0.07326954999999997
1.454000000000001 0.07323289999999996
1.455000000000001 0.07319624999999996
1.4560000000000008 0.07315959999999996
1.4570000000000007 0.07312294999999996
1.458000000000001 0.07308629999999997
1.459000000000001 0.07304964999999997
1.4600000000000009 0.073013
1.4610000000000007 0.07300670000000001
1.462000000000001 0.07300040000000001
1.463000000000001 0.0729941
1.4640000000000009 0.07298779999999999
1.4650000000000007 0.07298149999999999
1.466000000000001 0.07297519999999999
1.467000000000001 0.07296889999999999
1.4680000000000009 0.0729626
1.4690000000000007 0.0729563
1.470000000000001 0.07295
1.471000000000001 0.0729437
1.4720000000000009 0.0729374
1.4730000000000008 0.0729311
1.474000000000001 0.0729248
1.475000000000001 0.0729185
1.4760000000000009 0.0729122
1.4770000000000008 0.0729059
1.478000000000001 0.0728996
1.479000000000001 0.0728933
1.4800000000000009 0.07288699999999997
1.4810000000000008 0.07284434999999996
1.482000000000001 0.07280169999999996
1.483000000000001 0.07275904999999996
1.4840000000000009 0.07271639999999997
1.4850000000000008 0.07267374999999997
1.486000000000001 0.07263109999999996
1.487000000000001 0.07258844999999997
1.4880000000000009 0.07254579999999997
1.4890000000000008 0.07250314999999997
1.490000000000001 0.07246049999999996
1.491000000000001 0.07241784999999995
1.4920000000000009 0.07237519999999996
1.4930000000000008 0.07233254999999997
1.494000000000001 0.07228989999999995
1.495000000000001 0.07224724999999996
1.4960000000000009 0.07220459999999997
1.4970000000000008 0.07216194999999997
1.498000000000001 0.07211929999999996
1.499000000000001 0.07207664999999996
1.5000000000000009 0.07203399999999999
1.5010000000000008 0.07202335
1.5020000000000011 0.07201269999999999
1.503000000000001 0.07200205
1.504000000000001 0.07199139999999998
1.5050000000000008 0.07198075
1.5060000000000011 0.07197009999999998
1.507000000000001 0.07195945
1.508000000000001 0.0719488
1.5090000000000008 0.07193814999999999
1.5100000000000011 0.07192749999999999
1.511000000000001 0.07191684999999999
1.512000000000001 0.07190619999999999
1.5130000000000008 0.07189554999999999
1.5140000000000011 0.07188489999999999
1.515000000000001 0.07187424999999999
1.516000000000001 0.0718636
1.5170000000000008 0.07185294999999998
1.5180000000000011 0.07184229999999998
1.519000000000001 0.07183164999999998
1.520000000000001 0.07182100000000001
1.5210000000000008 0.0718319
1.5220000000000011 0.07184280000000001
1.523000000000001 0.07185370000000002
1.524000000000001 0.07186460000000001
1.5250000000000008 0.07187550000000001
1.5260000000000011 0.07188640000000002
1.527000000000001 0.07189730000000001
1.528000000000001 0.07190820000000002
1.5290000000000008 0.07191910000000001
1.5300000000000011 0.07193000000000001
1.531000000000001 0.07194090000000002
1.532000000000001 0.07195180000000001
1.5330000000000008 0.0719627
1.5340000000000011 0.07197360000000001
1.535000000000001 0.0719845
1.536000000000001 0.0719954
1.5370000000000008 0.07200630000000001
1.5380000000000011 0.0720172
1.539000000000001 0.07202810000000001
1.540000000000001 0.072039
1.5410000000000008 0.07203835
1.5420000000000011 0.0720377
1.543000000000001 0.07203705
1.544000000000001 0.0720364
1.5450000000000008 0.07203575
1.5460000000000012 0.07203509999999999
1.547000000000001 0.07203445
1.548000000000001 0.0720338
1.5490000000000008 0.07203315
1.5500000000000012 0.0720325
1.551000000000001 0.07203185000000001
1.552000000000001 0.0720312
1.5530000000000008 0.07203055
1.5540000000000012 0.0720299
1.555000000000001 0.07202925
1.556000000000001 0.0720286
1.5570000000000008 0.07202795000000001
1.5580000000000012 0.0720273
1.559000000000001 0.07202665000000001
1.560000000000001 0.072026
1.5610000000000008 0.07202985
1.5620000000000012 0.0720337
1.563000000000001 0.07203755
1.564000000000001 0.0720414
1.5650000000000008 0.07204525
1.5660000000000012 0.0720491
1.567000000000001 0.07205295
1.568000000000001 0.0720568
1.5690000000000008 0.07206065
1.5700000000000012 0.0720645
1.571000000000001 0.07206835
1.572000000000001 0.0720722
1.5730000000000008 0.07207605
1.5740000000000012 0.0720799
1.575000000000001 0.07208375
1.576000000000001 0.0720876
1.5770000000000008 0.07209145
1.5780000000000012 0.07209530000000001
1.579000000000001 0.07209915
1.580000000000001 0.07210300000000001
1.5810000000000008 0.07211880000000001
1.5820000000000012 0.07213460000000002
1.583000000000001 0.07215040000000002
1.584000000000001 0.07216620000000001
1.5850000000000009 0.07218200000000001
1.5860000000000012 0.07219780000000002
1.587000000000001 0.07221360000000002
1.588000000000001 0.07222940000000001
1.5890000000000009 0.07224520000000002
1.5900000000000012 0.07226100000000002
1.591000000000001 0.07227680000000002
1.592000000000001 0.07229260000000001
1.5930000000000009 0.07230840000000001
1.5940000000000012 0.07232420000000002
1.595000000000001 0.07234000000000002
1.596000000000001 0.07235580000000001
1.5970000000000009 0.07237160000000001
1.5980000000000012 0.07238740000000002
1.599000000000001 0.07240320000000001
1.600000000000001 0.072419
1.6010000000000009 0.0724152
1.6020000000000012 0.0724114
1.603000000000001 0.0724076
1.604000000000001 0.0724038
1.6050000000000009 0.0724
1.6060000000000012 0.0723962
1.607000000000001 0.0723924
1.608000000000001 0.0723886
1.6090000000000009 0.0723848
1.6100000000000012 0.072381
1.611000000000001 0.07237719999999999
1.612000000000001 0.07237339999999999
1.6130000000000009 0.07236959999999999
1.6140000000000012 0.0723658
1.615000000000001 0.072362
1.616000000000001 0.0723582
1.6170000000000009 0.0723544
1.6180000000000012 0.0723506
1.619000000000001 0.0723468
1.620000000000001 0.072343
1.6210000000000009 0.07234925
1.6220000000000012 0.0723555
1.623000000000001 0.07236175000000002
1.624000000000001 0.072368
1.6250000000000009 0.07237425000000001
1.6260000000000012 0.07238050000000001
1.6270000000000011 0.07238675
1.628000000000001 0.07239300000000001
1.629000000000001 0.07239925
1.6300000000000012 0.07240550000000001
1.6310000000000011 0.07241175000000001
1.632000000000001 0.07241800000000001
1.633000000000001 0.07242425000000001
1.6340000000000012 0.07243050000000001
1.6350000000000011 0.07243675000000001
1.636000000000001 0.07244300000000001
1.637000000000001 0.07244925
1.6380000000000012 0.07245550000000002
1.6390000000000011 0.07246175
1.640000000000001 0.07246799999999998
1.641000000000001 0.07244519999999997
1.6420000000000012 0.07242239999999997
1.6430000000000011 0.07239959999999997
1.644000000000001 0.07237679999999998
1.645000000000001 0.07235399999999997
1.6460000000000012 0.07233119999999997
1.6470000000000011 0.07230839999999997
1.648000000000001 0.07228559999999998
1.649000000000001 0.07226279999999999
1.6500000000000012 0.07223999999999997
1.6510000000000011 0.07221719999999998
1.652000000000001 0.07219439999999998
1.653000000000001 0.07217159999999997
1.6540000000000012 0.07214879999999997
1.6550000000000011 0.07212599999999997
1.656000000000001 0.07210319999999998
1.657000000000001 0.07208039999999998
1.6580000000000013 0.07205759999999997
1.6590000000000011 0.07203479999999997
1.660000000000001 0.072012
1.661000000000001 0.07200915000000001
1.6620000000000013 0.0720063
1.6630000000000011 0.07200345
1.664000000000001 0.0720006
1.665000000000001 0.07199775
1.6660000000000013 0.0719949
1.6670000000000011 0.07199205
1.668000000000001 0.07198919999999999
1.669000000000001 0.07198634999999999
1.6700000000000013 0.07198349999999999
1.6710000000000012 0.07198065
1.672000000000001 0.0719778
1.673000000000001 0.07197495
1.6740000000000013 0.0719721
1.6750000000000012 0.07196925
1.676000000000001 0.0719664
1.677000000000001 0.07196355
1.6780000000000013 0.0719607
1.6790000000000012 0.07195785
1.680000000000001 0.07195499999999999
1.681000000000001 0.071947
1.6820000000000013 0.07193899999999999
1.6830000000000012 0.071931
1.684000000000001 0.071923
1.685000000000001 0.07191499999999999
1.6860000000000013 0.07190699999999998
1.6870000000000012 0.07189899999999999
1.688000000000001 0.07189099999999998
1.689000000000001 0.07188299999999999
1.6900000000000013 0.071875
1.6910000000000012 0.07186699999999999
1.692000000000001 0.07185899999999999
1.693000000000001 0.071851
1.6940000000000013 0.07184299999999999
1.6950000000000012 0.07183499999999998
1.696000000000001 0.07182699999999999
1.697000000000001 0.071819
1.6980000000000013 0.07181099999999999
1.6990000000000012 0.07180299999999999
1.700000000000001 0.071795
1.701000000000001 0.07179685
1.7020000000000013 0.07179870000000001
1.7030000000000012 0.07180055
1.704000000000001 0.0718024
1.705000000000001 0.07180425
1.7060000000000013 0.07180610000000001
1.7070000000000012 0.07180795000000001
1.708000000000001 0.0718098
1.709000000000001 0.07181165
1.7100000000000013 0.0718135
1.7110000000000012 0.07181535
1.712000000000001 0.0718172
1.713000000000001 0.07181905000000001
1.7140000000000013 0.07182090000000001
1.7150000000000012 0.07182275
1.716000000000001 0.0718246
1.717000000000001 0.07182645000000001
1.7180000000000013 0.0718283
1.7190000000000012 0.07183015
1.720000000000001 0.071832
1.721000000000001 0.071824
1.7220000000000013 0.07181599999999999
1.7230000000000012 0.071808
1.724000000000001 0.0718
1.725000000000001 0.071792
1.7260000000000013 0.07178399999999999
1.7270000000000012 0.07177599999999999
1.728000000000001 0.071768
1.729000000000001 0.07175999999999999
1.7300000000000013 0.071752
1.7310000000000012 0.07174399999999999
1.732000000000001 0.071736
1.733000000000001 0.071728
1.7340000000000013 0.07171999999999999
1.7350000000000012 0.07171199999999998
1.736000000000001 0.07170399999999999
1.737000000000001 0.071696
1.7380000000000013 0.07168799999999999
1.7390000000000012 0.07168
1.740000000000001 0.07167200000000001
1.741000000000001 0.0716761
1.7420000000000013 0.07168020000000001
1.7430000000000012 0.0716843
1.744000000000001 0.0716884
1.745000000000001 0.0716925
1.7460000000000013 0.0716966
1.7470000000000012 0.0717007
1.748000000000001 0.0717048
1.749000000000001 0.0717089
1.7500000000000013 0.071713
1.7510000000000012 0.0717171
1.7520000000000011 0.0717212
1.753000000000001 0.0717253
1.7540000000000013 0.0717294
1.7550000000000012 0.0717335
1.7560000000000011 0.07173760000000001
1.757000000000001 0.0717417
1.7580000000000013 0.07174580000000001
1.7590000000000012 0.0717499
1.7600000000000011 0.071754
1.761000000000001 0.07175129999999999
1.7620000000000013 0.0717486
1.7630000000000012 0.07174589999999999
1.7640000000000011 0.0717432
1.765000000000001 0.0717405
1.7660000000000013 0.0717378
1.7670000000000012 0.0717351
1.7680000000000011 0.0717324
1.769000000000001 0.0717297
1.7700000000000014 0.071727
1.7710000000000012 0.07172429999999999
1.7720000000000011 0.0717216
1.773000000000001 0.07171889999999999
1.7740000000000014 0.0717162
1.7750000000000012 0.0717135
1.7760000000000011 0.0717108
1.777000000000001 0.0717081
1.7780000000000014 0.0717054
1.7790000000000012 0.0717027
1.7800000000000011 0.07170000000000001
1.781000000000001 0.0717048
1.7820000000000014 0.07170960000000001
1.7830000000000013 0.07171440000000001
1.7840000000000011 0.0717192
1.785000000000001 0.07172400000000001
1.7860000000000014 0.0717288
1.7870000000000013 0.07173360000000001
1.7880000000000011 0.07173840000000001
1.789000000000001 0.07174320000000001
1.7900000000000014 0.071748
1.7910000000000013 0.0717528
1.7920000000000011 0.0717576
1.793000000000001 0.0717624
1.7940000000000014 0.0717672
1.7950000000000013 0.071772
1.7960000000000012 0.0717768
1.797000000000001 0.0717816
1.7980000000000014 0.0717864
1.7990000000000013 0.0717912
1.8000000000000012 0.071796
1.801000000000001 0.07179585
1.8020000000000014 0.0717957
1.8030000000000013 0.07179555
1.8040000000000012 0.0717954
1.805000000000001 0.07179525
1.8060000000000014 0.0717951
1.8070000000000013 0.07179495
1.8080000000000012 0.07179479999999999
1.809000000000001 0.07179465
1.8100000000000014 0.0717945
1.8110000000000013 0.07179434999999999
1.8120000000000012 0.07179419999999999
1.813000000000001 0.07179405
1.8140000000000014 0.0717939
1.8150000000000013 0.07179374999999999
1.8160000000000012 0.0717936
1.817000000000001 0.07179345
1.8180000000000014 0.07179329999999999
1.8190000000000013 0.07179315
1.8200000000000012 0.07179300000000004
1.821000000000001 0.07182305000000003
1.8220000000000014 0.07185310000000004
1.8230000000000013 0.07188315000000003
1.8240000000000012 0.07191320000000002
1.825000000000001 0.07194325000000003
1.8260000000000014 0.07197330000000003
1.8270000000000013 0.07200335000000004
1.8280000000000012 0.07203340000000004
1.829000000000001 0.07206345000000003
1.8300000000000014 0.07209350000000005
1.8310000000000013 0.07212355000000004
1.8320000000000012 0.07215360000000003
1.833000000000001 0.07218365000000003
1.8340000000000014 0.07221370000000003
1.8350000000000013 0.07224375000000004
1.8360000000000012 0.07227380000000003
1.837000000000001 0.07230385000000003
1.8380000000000014 0.07233390000000003
1.8390000000000013 0.07236395000000004
1.8400000000000012 0.07239400000000004
1.841000000000001 0.07243135000000003
1.8420000000000014 0.07246870000000005
1.8430000000000013 0.07250605000000004
1.8440000000000012 0.07254340000000004
1.845000000000001 0.07258075000000003
1.8460000000000014 0.07261810000000005
1.8470000000000013 0.07265545000000005
1.8480000000000012 0.07269280000000004
1.849000000000001 0.07273015000000004
1.8500000000000014 0.07276750000000005
1.8510000000000013 0.07280485000000005
1.8520000000000012 0.07284220000000004
1.853000000000001 0.07287955000000004
1.8540000000000014 0.07291690000000005
1.8550000000000013 0.07295425000000004
1.8560000000000012 0.07299160000000005
1.857000000000001 0.07302895000000004
1.8580000000000014 0.07306630000000004
1.8590000000000013 0.07310365000000005
1.8600000000000012 0.07314100000000004
1.861000000000001 0.07317090000000002
1.8620000000000014 0.07320080000000004
1.8630000000000013 0.07323070000000004
1.8640000000000012 0.07326060000000004
1.865000000000001 0.07329050000000004
1.8660000000000014 0.07332040000000004
1.8670000000000013 0.07335030000000003
1.8680000000000012 0.07338020000000003
1.869000000000001 0.07341010000000003
1.8700000000000014 0.07344000000000003
1.8710000000000013 0.07346990000000003
1.8720000000000012 0.07349980000000005
1.873000000000001 0.07352970000000003
1.8740000000000014 0.07355960000000004
1.8750000000000013 0.07358950000000003
1.8760000000000012 0.07361940000000004
1.8770000000000011 0.07364930000000004
1.8780000000000014 0.07367920000000004
1.8790000000000013 0.07370910000000004
1.8800000000000012 0.07373900000000001
1.8810000000000011 0.07374915000000001
1.8820000000000014 0.07375930000000001
1.8830000000000013 0.07376945000000001
1.8840000000000012 0.07377960000000001
1.8850000000000011 0.07378975000000002
1.8860000000000015 0.07379990000000002
1.8870000000000013 0.07381005000000002
1.8880000000000012 0.07382020000000002
1.8890000000000011 0.07383035000000002
1.8900000000000015 0.07384050000000002
1.8910000000000013 0.07385065
1.8920000000000012 0.07386080000000002
1.8930000000000011 0.07387095000000002
1.8940000000000015 0.0738811
1.8950000000000014 0.07389125
1.8960000000000012 0.07390140000000002
1.8970000000000011 0.07391155
1.8980000000000015 0.0739217
1.8990000000000014 0.07393185000000001
1.9000000000000012 0.073942
1.9010000000000011 0.07394345
1.9020000000000015 0.07394490000000001
1.9030000000000014 0.07394635
1.9040000000000012 0.0739478
1.9050000000000011 0.07394925
1.9060000000000015 0.0739507
1.9070000000000014 0.07395215000000001
1.9080000000000013 0.07395360000000001
1.9090000000000011 0.07395505
1.9100000000000015 0.0739565
1.9110000000000014 0.07395795
1.9120000000000013 0.07395940000000001
1.9130000000000011 0.07396085000000001
1.9140000000000015 0.0739623
1.9150000000000014 0.07396375
1.9160000000000013 0.0739652
1.9170000000000011 0.07396665000000001
1.9180000000000015 0.07396810000000001
1.9190000000000014 0.07396955
1.9200000000000013 0.07397100000000001
1.9210000000000012 0.07397465
1.9220000000000015 0.07397830000000001
1.9230000000000014 0.07398195
1.9240000000000013 0.07398560000000001
1.9250000000000012 0.07398925
1.9260000000000015 0.0739929
1.9270000000000014 0.07399655
1.9280000000000013 0.0740002
1.9290000000000012 0.07400385
1.9300000000000015 0.0740075
1.9310000000000014 0.07401115000000001
1.9320000000000013 0.0740148
1.9330000000000012 0.07401845000000001
1.9340000000000015 0.07402210000000001
1.9350000000000014 0.07402575
1.9360000000000013 0.0740294
1.9370000000000012 0.07403305
1.9380000000000015 0.07403670000000001
1.9390000000000014 0.07404035
1.9400000000000013 0.07404399999999996
1.9410000000000012 0.07401824999999997
1.9420000000000015 0.07399249999999996
1.9430000000000014 0.07396674999999997
1.9440000000000013 0.07394099999999997
1.9450000000000012 0.07391524999999997
1.9460000000000015 0.07388949999999996
1.9470000000000014 0.07386374999999996
1.9480000000000013 0.07383799999999996
1.9490000000000012 0.07381224999999997
1.9500000000000015 0.07378649999999996
1.9510000000000014 0.07376074999999997
1.9520000000000013 0.07373499999999997
1.9530000000000012 0.07370924999999998
1.9540000000000015 0.07368349999999996
1.9550000000000014 0.07365774999999997
1.9560000000000013 0.07363199999999996
1.9570000000000012 0.07360624999999997
1.9580000000000015 0.07358049999999997
1.9590000000000014 0.07355474999999996
1.9600000000000013 0.07352899999999997
1.9610000000000012 0.07350774999999997
1.9620000000000015 0.07348649999999997
1.9630000000000014 0.07346524999999997
1.9640000000000013 0.07344399999999997
1.9650000000000012 0.07342274999999997
1.9660000000000015 0.07340149999999997
1.9670000000000014 0.07338024999999997
1.9680000000000013 0.07335899999999997
1.9690000000000012 0.07333774999999998
1.9700000000000015 0.07331649999999997
1.9710000000000014 0.07329524999999996
1.9720000000000013 0.07327399999999998
1.9730000000000012 0.07325274999999996
1.9740000000000015 0.07323149999999996
1.9750000000000014 0.07321024999999998
1.9760000000000013 0.07318899999999996
1.9770000000000012 0.07316774999999998
1.9780000000000015 0.07314649999999996
1.9790000000000014 0.07312524999999996
1.9800000000000013 0.07310399999999997
1.9810000000000012 0.07308394999999997
1.9820000000000015 0.07306389999999997
1.9830000000000014 0.07304384999999997
1.9840000000000013 0.07302379999999997
1.9850000000000012 0.07300374999999998
1.9860000000000015 0.07298369999999997
1.9870000000000014 0.07296364999999998
1.9880000000000013 0.07294359999999997
1.9890000000000012 0.07292354999999998
1.9900000000000015 0.07290349999999997
1.9910000000000014 0.07288344999999997
1.9920000000000013 0.07286339999999997
1.9930000000000012 0.07284334999999997
1.9940000000000015 0.07282329999999997
1.9950000000000014 0.07280324999999997
1.9960000000000013 0.07278319999999998
1.9970000000000012 0.07276314999999997
1.9980000000000016 0.07274309999999996
1.9990000000000014 0.07272304999999997
2.0000000000000013 0.07270299999999998
2.0010000000000012 0.07268999999999998
2.0020000000000016 0.07267699999999998
2.0030000000000014 0.07266399999999998
2.0040000000000013 0.07265099999999998
2.0050000000000012 0.07263799999999998
2.0060000000000016 0.07262499999999998
2.0070000000000014 0.07261199999999998
2.0080000000000013 0.07259899999999998
2.0090000000000012 0.07258599999999998
2.0100000000000016 0.07257299999999998
2.0110000000000015 0.07255999999999997
2.0120000000000013 0.07254699999999997
2.0130000000000012 0.07253399999999999
2.0140000000000016 0.07252099999999997
2.0150000000000015 0.07250799999999998
2.0160000000000013 0.07249499999999999
2.0170000000000012 0.07248199999999998
2.0180000000000016 0.07246899999999998
2.0190000000000015 0.07245599999999998
2.0200000000000014 0.07244300000000002
2.0210000000000012 0.07245385000000001
2.0220000000000016 0.0724647
2.0230000000000015 0.07247555000000001
2.0240000000000014 0.07248640000000002
2.0250000000000012 0.07249725000000001
2.0260000000000016 0.07250810000000002
2.0270000000000015 0.07251895000000003
2.0280000000000014 0.07252980000000002
2.0290000000000012 0.07254065000000001
2.0300000000000016 0.07255150000000002
2.0310000000000015 0.07256235000000003
2.0320000000000014 0.07257320000000002
2.0330000000000013 0.07258405000000001
2.0340000000000016 0.07259490000000002
2.0350000000000015 0.07260575000000002
2.0360000000000014 0.07261660000000002
2.0370000000000013 0.07262745000000001
2.0380000000000016 0.07263830000000002
2.0390000000000015 0.07264915000000002
2.0400000000000014 0.07266
2.0410000000000013 0.0726584
2.0420000000000016 0.0726568
2.0430000000000015 0.07265519999999999
2.0440000000000014 0.0726536
2.0450000000000013 0.072652
2.0460000000000016 0.0726504
2.0470000000000015 0.0726488
2.0480000000000014 0.0726472
2.0490000000000013 0.0726456
2.0500000000000016 0.072644
2.0510000000000015 0.0726424
2.0520000000000014 0.0726408
2.0530000000000013 0.0726392
2.0540000000000016 0.07263760000000001
2.0550000000000015 0.072636
2.0560000000000014 0.0726344
2.0570000000000013 0.0726328
2.0580000000000016 0.07263119999999999
2.0590000000000015 0.0726296
2.0600000000000014 0.07262799999999997
2.0610000000000013 0.07259999999999997
2.0620000000000016 0.07257199999999996
2.0630000000000015 0.07254399999999996
2.0640000000000014 0.07251599999999997
2.0650000000000013 0.07248799999999997
2.0660000000000016 0.07245999999999996
2.0670000000000015 0.07243199999999997
2.0680000000000014 0.07240399999999997
2.0690000000000013 0.07237599999999997
2.0700000000000016 0.07234799999999997
2.0710000000000015 0.07231999999999997
2.0720000000000014 0.07229199999999997
2.0730000000000013 0.07226399999999997
2.0740000000000016 0.07223599999999995
2.0750000000000015 0.07220799999999997
2.0760000000000014 0.07217999999999997
2.0770000000000013 0.07215199999999997
2.0780000000000016 0.07212399999999997
2.0790000000000015 0.07209599999999997
2.0800000000000014 0.07206800000000005
2.0810000000000013 0.07210085000000005
2.0820000000000016 0.07213370000000005
2.0830000000000015 0.07216655000000005
2.0840000000000014 0.07219940000000005
2.0850000000000013 0.07223225000000005
2.0860000000000016 0.07226510000000005
2.0870000000000015 0.07229795000000004
2.0880000000000014 0.07233080000000004
2.0890000000000013 0.07236365000000004
2.0900000000000016 0.07239650000000006
2.0910000000000015 0.07242935000000005
2.0920000000000014 0.07246220000000005
2.0930000000000013 0.07249505000000005
2.0940000000000016 0.07252790000000005
2.0950000000000015 0.07256075000000005
2.0960000000000014 0.07259360000000005
2.0970000000000013 0.07262645000000005
2.0980000000000016 0.07265930000000005
2.0990000000000015 0.07269215000000004
2.1000000000000014 0.07272500000000001
2.1010000000000013 0.07274140000000001
2.1020000000000016 0.07275780000000003
2.1030000000000015 0.07277420000000002
2.1040000000000014 0.07279060000000002
2.1050000000000013 0.07280700000000002
2.1060000000000016 0.07282340000000002
2.1070000000000015 0.07283980000000002
2.1080000000000014 0.07285620000000002
2.1090000000000013 0.07287260000000001
2.1100000000000017 0.07288900000000002
2.1110000000000015 0.07290540000000002
2.1120000000000014 0.07292180000000002
2.1130000000000013 0.07293820000000002
2.1140000000000017 0.07295460000000002
2.1150000000000015 0.07297100000000002
2.1160000000000014 0.07298740000000002
2.1170000000000013 0.07300380000000002
2.1180000000000017 0.07302020000000002
2.1190000000000015 0.07303660000000002
2.1200000000000014 0.07305300000000002
2.1210000000000013 0.07306550000000002
2.1220000000000017 0.07307800000000002
2.1230000000000016 0.07309050000000002
2.1240000000000014 0.07310300000000002
2.1250000000000013 0.07311550000000001
2.1260000000000017 0.07312800000000003
2.1270000000000016 0.07314050000000001
2.1280000000000014 0.07315300000000001
2.1290000000000013 0.07316550000000001
2.1300000000000017 0.07317800000000002
2.1310000000000016 0.07319050000000002
2.1320000000000014 0.07320300000000002
2.1330000000000013 0.07321550000000002
2.1340000000000017 0.07322800000000002
2.1350000000000016 0.07324050000000003
2.1360000000000015 0.07325300000000003
2.1370000000000013 0.07326550000000003
2.1380000000000017 0.07327800000000002
2.1390000000000016 0.07329050000000002
2.1400000000000015 0.073303
2.1410000000000013 0.07329464999999999
2.1420000000000017 0.07328629999999998
2.1430000000000016 0.07327795
2.1440000000000015 0.07326959999999999
2.1450000000000014 0.07326125
2.1460000000000017 0.0732529
2.1470000000000016 0.07324454999999999
2.1480000000000015 0.07323619999999999
2.1490000000000014 0.07322784999999998
2.1500000000000017 0.07321949999999999
2.1510000000000016 0.07321114999999999
2.1520000000000015 0.0732028
2.1530000000000014 0.07319445
2.1540000000000017 0.07318609999999999
2.1550000000000016 0.07317774999999999
2.1560000000000015 0.0731694
2.1570000000000014 0.07316104999999999
2.1580000000000017 0.07315269999999999
2.1590000000000016 0.07314434999999998
2.1600000000000015 0.07313600000000003
2.1610000000000014 0.07316055000000003
2.1620000000000017 0.07318510000000004
2.1630000000000016 0.07320965000000004
2.1640000000000015 0.07323420000000003
2.1650000000000014 0.07325875000000004
2.1660000000000017 0.07328330000000004
2.1670000000000016 0.07330785000000004
2.1680000000000015 0.07333240000000003
2.1690000000000014 0.07335695000000003
2.1700000000000017 0.07338150000000004
2.1710000000000016 0.07340605000000004
2.1720000000000015 0.07343060000000003
2.1730000000000014 0.07345515000000004
2.1740000000000017 0.07347970000000004
2.1750000000000016 0.07350425000000003
2.1760000000000015 0.07352880000000003
2.1770000000000014 0.07355335000000003
2.1780000000000017 0.07357790000000004
2.1790000000000016 0.07360245000000004
2.1800000000000015 0.07362700000000001
2.1810000000000014 0.07363405
2.1820000000000017 0.07364110000000001
2.1830000000000016 0.07364815000000001
2.1840000000000015 0.0736552
2.1850000000000014 0.07366225000000001
2.1860000000000017 0.07366930000000002
2.1870000000000016 0.07367635
2.1880000000000015 0.07368340000000001
2.1890000000000014 0.07369045
2.1900000000000017 0.07369750000000001
2.1910000000000016 0.07370455000000002
2.1920000000000015 0.07371160000000002
2.1930000000000014 0.07371865000000001
2.1940000000000017 0.07372570000000002
2.1950000000000016 0.07373275000000001
2.1960000000000015 0.07373980000000001
2.1970000000000014 0.07374685000000002
2.1980000000000017 0.07375390000000001
2.1990000000000016 0.07376095
2.2000000000000015 0.07376799999999997
2.2010000000000014 0.07374254999999998
2.2020000000000017 0.07371709999999997
2.2030000000000016 0.07369164999999996
2.2040000000000015 0.07366619999999996
2.2050000000000014 0.07364074999999998
2.2060000000000017 0.07361529999999997
2.2070000000000016 0.07358984999999996
2.2080000000000015 0.07356439999999996
2.2090000000000014 0.07353894999999996
2.2100000000000017 0.07351349999999997
2.2110000000000016 0.07348804999999996
2.2120000000000015 0.07346259999999996
2.2130000000000014 0.07343714999999996
2.2140000000000017 0.07341169999999997
2.2150000000000016 0.07338624999999996
2.2160000000000015 0.07336079999999996
2.2170000000000014 0.07333534999999997
2.2180000000000017 0.07330989999999997
2.2190000000000016 0.07328444999999996
2.2200000000000015 0.07325899999999999
2.2210000000000014 0.07325414999999999
2.2220000000000018 0.07324929999999999
2.2230000000000016 0.07324444999999999
2.2240000000000015 0.0732396
2.2250000000000014 0.07323474999999999
2.2260000000000018 0.07322989999999999
2.2270000000000016 0.07322505
2.2280000000000015 0.0732202
2.2290000000000014 0.07321534999999998
2.2300000000000018 0.0732105
2.2310000000000016 0.07320565
2.2320000000000015 0.0732008
2.2330000000000014 0.07319595
2.2340000000000018 0.0731911
2.2350000000000017 0.07318625
2.2360000000000015 0.0731814
2.2370000000000014 0.07317654999999999
2.2380000000000018 0.07317169999999999
2.2390000000000017 0.07316684999999999
2.2400000000000015 0.07316199999999996
2.2410000000000014 0.07312959999999996
2.2420000000000018 0.07309719999999995
2.2430000000000017 0.07306479999999996
2.2440000000000015 0.07303239999999996
2.2450000000000014 0.07299999999999997
2.2460000000000018 0.07296759999999995
2.2470000000000017 0.07293519999999995
2.2480000000000016 0.07290279999999996
2.2490000000000014 0.07287039999999996
2.2500000000000018 0.07283799999999994
2.2510000000000017 0.07280559999999996
2.2520000000000016 0.07277319999999995
2.2530000000000014 0.07274079999999995
2.254000000000002 0.07270839999999995
2.2550000000000017 0.07267599999999995
2.2560000000000016 0.07264359999999995
2.2570000000000014 0.07261119999999995
2.258000000000002 0.07257879999999994
2.2590000000000017 0.07254639999999994
2.2600000000000016 0.07251400000000001
2.2610000000000015 0.07252055000000002
2.262000000000002 0.07252710000000001
2.2630000000000017 0.07253365000000002
2.2640000000000016 0.07254020000000001
2.2650000000000015 0.07254675000000002
2.266000000000002 0.07255330000000002
2.2670000000000017 0.07255985000000002
2.2680000000000016 0.07256640000000002
2.2690000000000015 0.07257295000000001
2.270000000000002 0.0725795
2.2710000000000017 0.07258605000000001
2.2720000000000016 0.07259260000000001
2.2730000000000015 0.07259915000000002
2.274000000000002 0.07260570000000001
2.2750000000000017 0.07261225000000002
2.2760000000000016 0.07261880000000001
2.2770000000000015 0.07262535000000002
2.278000000000002 0.07263190000000001
2.2790000000000017 0.07263845000000001
2.2800000000000016 0.07264500000000002
2.2810000000000015 0.07264940000000002
2.282000000000002 0.0726538
2.2830000000000017 0.0726582
2.2840000000000016 0.07266260000000001
2.2850000000000015 0.07266700000000001
2.286000000000002 0.0726714
2.2870000000000017 0.07267580000000001
2.2880000000000016 0.07268020000000001
2.2890000000000015 0.07268460000000002
2.290000000000002 0.072689
2.2910000000000017 0.0726934
2.2920000000000016 0.0726978
2.2930000000000015 0.07270220000000001
2.294000000000002 0.07270660000000001
2.2950000000000017 0.07271100000000001
2.2960000000000016 0.07271540000000001
2.2970000000000015 0.07271980000000001
2.298000000000002 0.0727242
2.2990000000000017 0.0727286
2.3000000000000016 0.07273299999999995
2.3010000000000015 0.07270334999999994
2.302000000000002 0.07267369999999994
2.3030000000000017 0.07264404999999995
2.3040000000000016 0.07261439999999995
2.3050000000000015 0.07258474999999995
2.306000000000002 0.07255509999999994
2.3070000000000017 0.07252544999999994
2.3080000000000016 0.07249579999999994
2.3090000000000015 0.07246614999999995
2.310000000000002 0.07243649999999995
2.3110000000000017 0.07240684999999995
2.3120000000000016 0.07237719999999995
2.3130000000000015 0.07234754999999995
2.314000000000002 0.07231789999999994
2.3150000000000017 0.07228824999999994
2.3160000000000016 0.07225859999999995
2.3170000000000015 0.07222894999999994
2.318000000000002 0.07219929999999994
2.3190000000000017 0.07216964999999995
2.3200000000000016 0.07213999999999998
2.3210000000000015 0.07212935
2.322000000000002 0.07211869999999998
2.3230000000000017 0.07210804999999999
2.3240000000000016 0.07209739999999998
2.3250000000000015 0.07208674999999999
2.326000000000002 0.07207609999999998
2.3270000000000017 0.07206544999999999
2.3280000000000016 0.07205479999999999
2.3290000000000015 0.07204414999999999
2.330000000000002 0.07203349999999999
2.3310000000000017 0.07202284999999999
2.3320000000000016 0.07201219999999998
2.3330000000000015 0.07200154999999998
2.334000000000002 0.07199089999999998
2.3350000000000017 0.07198024999999998
2.3360000000000016 0.07196959999999998
2.3370000000000015 0.07195894999999998
2.338000000000002 0.07194829999999998
2.3390000000000017 0.07193764999999998
2.3400000000000016 0.07192700000000002
2.3410000000000015 0.07193495000000001
2.342000000000002 0.07194290000000002
2.3430000000000017 0.07195085000000001
2.3440000000000016 0.07195880000000002
2.3450000000000015 0.07196675000000002
2.346000000000002 0.07197470000000002
2.3470000000000018 0.07198265000000002
2.3480000000000016 0.07199060000000002
2.3490000000000015 0.07199855000000001
2.350000000000002 0.07200650000000001
2.3510000000000018 0.07201445000000001
2.3520000000000016 0.07202240000000001
2.3530000000000015 0.07203035000000002
2.354000000000002 0.07203830000000001
2.3550000000000018 0.07204625
2.3560000000000016 0.07205420000000001
2.3570000000000015 0.07206215
2.358000000000002 0.07207010000000001
2.3590000000000018 0.07207805000000002
2.3600000000000017 0.07208599999999998
2.3610000000000015 0.07208324999999999
2.362000000000002 0.07208049999999999
2.3630000000000018 0.07207775
2.3640000000000017 0.072075
2.3650000000000015 0.07207224999999999
2.366000000000002 0.0720695
2.3670000000000018 0.07206675
2.3680000000000017 0.07206399999999999
2.3690000000000015 0.07206125
2.370000000000002 0.07205849999999998
2.3710000000000018 0.07205575
2.3720000000000017 0.07205299999999999
2.3730000000000016 0.07205025
2.374000000000002 0.0720475
2.3750000000000018 0.07204474999999999
2.3760000000000017 0.072042
2.3770000000000016 0.07203925
2.378000000000002 0.0720365
2.379000000000002 0.07203375
2.3800000000000017 0.0720309999999999
2.3810000000000016 0.0719712999999999
2.382000000000002 0.07191159999999988
2.383000000000002 0.07185189999999989
2.3840000000000017 0.07179219999999989
2.3850000000000016 0.07173249999999991
2.386000000000002 0.07167279999999988
2.387000000000002 0.07161309999999989
2.3880000000000017 0.07155339999999989
2.3890000000000016 0.07149369999999991
2.390000000000002 0.07143399999999989
2.391000000000002 0.07137429999999989
2.3920000000000017 0.0713145999999999
2.3930000000000016 0.0712548999999999
2.394000000000002 0.07119519999999988
2.395000000000002 0.0711354999999999
2.3960000000000017 0.0710757999999999
2.3970000000000016 0.0710160999999999
2.398000000000002 0.07095639999999988
2.399000000000002 0.0708966999999999
2.4000000000000017 0.07083700000000002