0.4 0.0781
0.401 0.07835
0.402 0.0786
0.403 0.07880000000000001
0.404 0.079
0.405 0.07919999999999999
0.406 0.0794
0.40700000000000003 0.07955
0.40800000000000003 0.07970000000000001
0.40900000000000003 0.07990000000000001
0.41000000000000003 0.08010000000000002
0.41100000000000003 0.08030000000000001
0.41200000000000003 0.08050000000000003
0.41300000000000003 0.08070000000000002
0.41400000000000003 0.0809
0.41500000000000004 0.08105000000000001
0.41600000000000004 0.08120000000000001
0.41700000000000004 0.0814
0.41800000000000004 0.08160000000000002
0.41900000000000004 0.08185000000000002
0.42000000000000004 0.08210000000000002
0.42100000000000004 0.08230000000000003
0.42200000000000004 0.08250000000000002
0.42300000000000004 0.08270000000000001
0.42400000000000004 0.08290000000000002
0.42500000000000004 0.08310000000000001
0.42600000000000005 0.08330000000000001
0.42700000000000005 0.08355000000000003
0.42800000000000005 0.08380000000000003
0.42900000000000005 0.08405000000000001
0.43000000000000005 0.08430000000000001
0.43100000000000005 0.0845
0.43200000000000005 0.08470000000000003
0.43300000000000005 0.08490000000000002
0.43400000000000005 0.08510000000000001
0.43500000000000005 0.08535000000000002
0.43600000000000005 0.08560000000000002
0.43700000000000006 0.08580000000000002
0.43800000000000006 0.08600000000000002
0.43900000000000006 0.08625000000000002
0.44000000000000006 0.08650000000000001
0.44100000000000006 0.08665
0.44200000000000006 0.08680000000000002
0.44300000000000006 0.08700000000000001
0.44400000000000006 0.0872
0.44500000000000006 0.08735000000000001
0.44600000000000006 0.0875
0.44700000000000006 0.08765
0.44800000000000006 0.08779999999999999
0.44900000000000007 0.08795
0.45000000000000007 0.08810000000000001
0.45100000000000007 0.08825000000000001
0.45200000000000007 0.08839999999999999
0.45300000000000007 0.08855
0.45400000000000007 0.08869999999999999
0.45500000000000007 0.08885
0.45600000000000007 0.08900000000000002
0.4570000000000001 0.08920000000000002
0.4580000000000001 0.0894
0.4590000000000001 0.08955
0.4600000000000001 0.0897
0.4610000000000001 0.08985000000000001
0.4620000000000001 0.09
0.4630000000000001 0.09015000000000001
0.4640000000000001 0.09029999999999999
0.4650000000000001 0.09040000000000001
0.4660000000000001 0.09050000000000001
0.4670000000000001 0.09065000000000001
0.4680000000000001 0.0908
0.4690000000000001 0.0909
0.4700000000000001 0.09100000000000001
0.4710000000000001 0.09110000000000001
0.4720000000000001 0.0912
0.4730000000000001 0.09135000000000001
0.4740000000000001 0.09150000000000003
0.4750000000000001 0.09165000000000001
0.4760000000000001 0.09180000000000002
0.4770000000000001 0.09195000000000002
0.4780000000000001 0.09210000000000003
0.4790000000000001 0.09220000000000002
0.4800000000000001 0.09230000000000002
0.4810000000000001 0.09240000000000002
0.4820000000000001 0.09250000000000001
0.4830000000000001 0.09260000000000002
0.4840000000000001 0.09270000000000002
0.4850000000000001 0.09285000000000002
0.4860000000000001 0.09300000000000003
0.4870000000000001 0.09315000000000001
0.4880000000000001 0.09330000000000002
0.4890000000000001 0.09350000000000001
0.4900000000000001 0.0937
0.4910000000000001 0.09390000000000003
0.4920000000000001 0.09410000000000003
0.4930000000000001 0.09440000000000003
0.4940000000000001 0.09470000000000005
0.4950000000000001 0.09500000000000003
0.4960000000000001 0.09530000000000002
0.4970000000000001 0.09565000000000003
0.4980000000000001 0.09600000000000003
0.4990000000000001 0.09635000000000003
0.5000000000000001 0.09670000000000004
0.5010000000000001 0.09700000000000003
0.5020000000000001 0.09730000000000004
0.5030000000000001 0.09760000000000003
0.5040000000000001 0.09790000000000003
0.5050000000000001 0.09815000000000003
0.5060000000000001 0.09840000000000003
0.5070000000000001 0.09865000000000004
0.5080000000000001 0.09890000000000004
0.5090000000000001 0.09920000000000004
0.5100000000000001 0.09950000000000003
0.5110000000000001 0.09975000000000003
0.5120000000000001 0.10000000000000003
0.5130000000000001 0.10025000000000003
0.5140000000000001 0.10050000000000005
0.5150000000000001 0.10075000000000003
0.5160000000000001 0.10100000000000003
0.5170000000000001 0.10130000000000003
0.5180000000000001 0.10160000000000004
0.5190000000000001 0.10185000000000004
0.5200000000000001 0.10210000000000004
0.5210000000000001 0.10240000000000003
0.5220000000000001 0.10270000000000003
0.5230000000000001 0.10295000000000004
0.5240000000000001 0.10320000000000004
0.5250000000000001 0.10350000000000004
0.5260000000000001 0.10380000000000005
0.5270000000000001 0.10405000000000003
0.5280000000000001 0.10430000000000003
0.5290000000000001 0.10460000000000003
0.5300000000000001 0.10490000000000003
0.5310000000000001 0.10520000000000003
0.5320000000000001 0.10550000000000004
0.5330000000000001 0.10580000000000003
0.5340000000000001 0.10610000000000003
0.5350000000000001 0.10640000000000002
0.5360000000000001 0.10670000000000003
0.5370000000000001 0.10700000000000003
0.5380000000000001 0.10730000000000003
0.5390000000000001 0.10760000000000003
0.5400000000000001 0.10790000000000002
0.5410000000000001 0.10820000000000002
0.5420000000000001 0.10850000000000003
0.5430000000000001 0.10885000000000003
0.5440000000000002 0.10920000000000003
0.5450000000000002 0.10955000000000004
0.5460000000000002 0.10990000000000004
0.5470000000000002 0.11025000000000004
0.5480000000000002 0.11060000000000006
0.5490000000000002 0.11100000000000004
0.5500000000000002 0.11140000000000004
0.5510000000000002 0.11175000000000004
0.5520000000000002 0.11210000000000006
0.5530000000000002 0.11255000000000007
0.5540000000000002 0.11300000000000004
0.5550000000000002 0.11340000000000006
0.5560000000000002 0.11380000000000007
0.5570000000000002 0.11425000000000006
0.5580000000000002 0.11470000000000007
0.5590000000000002 0.11520000000000007
0.5600000000000002 0.11570000000000005
0.5610000000000002 0.11615000000000006
0.5620000000000002 0.11660000000000005
0.5630000000000002 0.11710000000000008
0.5640000000000002 0.11760000000000011
0.5650000000000002 0.11810000000000011
0.5660000000000002 0.11860000000000012
0.5670000000000002 0.11915000000000012
0.5680000000000002 0.11970000000000013
0.5690000000000002 0.12025000000000013
0.5700000000000002 0.12080000000000013
0.5710000000000002 0.12135000000000012
0.5720000000000002 0.12190000000000012
0.5730000000000002 0.12245000000000011
0.5740000000000002 0.12300000000000014
0.5750000000000002 0.12360000000000014
0.5760000000000002 0.1242000000000001
0.5770000000000002 0.12470000000000012
0.5780000000000002 0.12520000000000012
0.5790000000000002 0.1257500000000001
0.5800000000000002 0.12630000000000013
0.5810000000000002 0.12685000000000013
0.5820000000000002 0.1274000000000001
0.5830000000000002 0.12790000000000012
0.5840000000000002 0.1284000000000001
0.5850000000000002 0.12890000000000013
0.5860000000000002 0.1294000000000001
0.5870000000000002 0.1298500000000001
0.5880000000000002 0.1303000000000001
0.5890000000000002 0.1307500000000001
0.5900000000000002 0.1312000000000001
0.5910000000000002 0.13160000000000008
0.5920000000000002 0.1320000000000001
0.5930000000000002 0.1324000000000001
0.5940000000000002 0.13280000000000006
0.5950000000000002 0.13315000000000007
0.5960000000000002 0.13350000000000006
0.5970000000000002 0.13385000000000008
0.5980000000000002 0.13420000000000007
0.5990000000000002 0.13450000000000006
0.6000000000000002 0.13480000000000006
0.6010000000000002 0.13505000000000006
0.6020000000000002 0.13530000000000006
0.6030000000000002 0.13555000000000006
0.6040000000000002 0.13580000000000003
0.6050000000000002 0.13600000000000004
0.6060000000000002 0.13620000000000004
0.6070000000000002 0.13640000000000005
0.6080000000000002 0.13660000000000003
0.6090000000000002 0.13680000000000003
0.6100000000000002 0.13700000000000004
0.6110000000000002 0.13715000000000002
0.6120000000000002 0.13730000000000003
0.6130000000000002 0.13745000000000002
0.6140000000000002 0.13760000000000003
0.6150000000000002 0.13770000000000002
0.6160000000000002 0.13780000000000003
0.6170000000000002 0.13795000000000004
0.6180000000000002 0.13810000000000003
0.6190000000000002 0.13820000000000002
0.6200000000000002 0.1383
0.6210000000000002 0.13840000000000002
0.6220000000000002 0.1385
0.6230000000000002 0.1386
0.6240000000000002 0.13870000000000002
0.6250000000000002 0.13880000000000003
0.6260000000000002 0.13890000000000002
0.6270000000000002 0.139
0.6280000000000002 0.13910000000000003
0.6290000000000002 0.13925
0.6300000000000002 0.13940000000000002
0.6310000000000002 0.13950000000000004
0.6320000000000002 0.13960000000000003
0.6330000000000002 0.13965000000000002
0.6340000000000002 0.13970000000000002
0.6350000000000002 0.13980000000000004
0.6360000000000002 0.13990000000000002
0.6370000000000002 0.13995000000000002
0.6380000000000002 0.14
0.6390000000000002 0.14005
0.6400000000000002 0.1401
0.6410000000000002 0.1401
0.6420000000000002 0.1401
0.6430000000000002 0.14015
0.6440000000000002 0.14020000000000002
0.6450000000000002 0.14025
0.6460000000000002 0.1403
0.6470000000000002 0.14035
0.6480000000000002 0.1404
0.6490000000000002 0.14045000000000002
0.6500000000000002 0.1405
0.6510000000000002 0.14055
0.6520000000000002 0.14060000000000003
0.6530000000000002 0.14070000000000002
0.6540000000000002 0.1408
0.6550000000000002 0.14085
0.6560000000000002 0.14090000000000003
0.6570000000000003 0.14095000000000002
0.6580000000000003 0.141
0.6590000000000003 0.141
0.6600000000000003 0.14100000000000001
0.6610000000000003 0.14105
0.6620000000000003 0.1411
0.6630000000000003 0.14115
0.6640000000000003 0.14120000000000002
0.6650000000000003 0.14125000000000001
0.6660000000000003 0.1413
0.6670000000000003 0.1413
0.6680000000000003 0.14130000000000004
0.6690000000000003 0.14140000000000003
0.6700000000000003 0.14150000000000001
0.6710000000000003 0.14160000000000003
0.6720000000000003 0.14170000000000002
0.6730000000000003 0.1418
0.6740000000000003 0.14190000000000003
0.6750000000000003 0.14200000000000002
0.6760000000000003 0.14210000000000003
0.6770000000000003 0.14220000000000002
0.6780000000000003 0.1423
0.6790000000000003 0.14240000000000003
0.6800000000000003 0.14250000000000004
0.6810000000000003 0.14265000000000003
0.6820000000000003 0.14280000000000004
0.6830000000000003 0.14305000000000004
0.6840000000000003 0.14330000000000007
0.6850000000000003 0.14355000000000007
0.6860000000000003 0.14380000000000007
0.6870000000000003 0.1441500000000001
0.6880000000000003 0.14450000000000013
0.6890000000000003 0.14490000000000014
0.6900000000000003 0.14530000000000012
0.6910000000000003 0.14575000000000013
0.6920000000000003 0.14620000000000016
0.6930000000000003 0.14670000000000016
0.6940000000000003 0.14720000000000014
0.6950000000000003 0.14765000000000014
0.6960000000000003 0.14810000000000018
0.6970000000000003 0.14860000000000018
0.6980000000000003 0.14910000000000015
0.6990000000000003 0.14955000000000016
0.7000000000000003 0.15000000000000013
0.7010000000000003 0.15045000000000014
0.7020000000000003 0.15090000000000015
0.7030000000000003 0.15130000000000013
0.7040000000000003 0.1517000000000001
0.7050000000000003 0.15210000000000012
0.7060000000000003 0.1525000000000001
0.7070000000000003 0.1528000000000001
0.7080000000000003 0.15310000000000012
0.7090000000000003 0.15345000000000014
0.7100000000000003 0.1538000000000001
0.7110000000000003 0.1541000000000001
0.7120000000000003 0.1544000000000001
0.7130000000000003 0.1546500000000001
0.7140000000000003 0.1549000000000001
0.7150000000000003 0.15515000000000007
0.7160000000000003 0.15540000000000007
0.7170000000000003 0.15560000000000007
0.7180000000000003 0.15580000000000008
0.7190000000000003 0.15600000000000006
0.7200000000000003 0.15620000000000006
0.7210000000000003 0.15640000000000007
0.7220000000000003 0.15660000000000007
0.7230000000000003 0.15680000000000008
0.7240000000000003 0.15700000000000006
0.7250000000000003 0.15715000000000004
0.7260000000000003 0.15730000000000005
0.7270000000000003 0.15745000000000003
0.7280000000000003 0.15760000000000005
0.7290000000000003 0.15775000000000003
0.7300000000000003 0.15790000000000004
0.7310000000000003 0.15805000000000005
0.7320000000000003 0.15820000000000004
0.7330000000000003 0.15830000000000002
0.7340000000000003 0.15840000000000004
0.7350000000000003 0.15850000000000003
0.7360000000000003 0.15860000000000005
0.7370000000000003 0.15875000000000006
0.7380000000000003 0.15890000000000004
0.7390000000000003 0.15900000000000003
0.7400000000000003 0.15910000000000005
0.7410000000000003 0.15920000000000004
0.7420000000000003 0.15930000000000002
0.7430000000000003 0.15940000000000004
0.7440000000000003 0.1595
0.7450000000000003 0.15955000000000003
0.7460000000000003 0.15960000000000005
0.7470000000000003 0.15970000000000004
0.7480000000000003 0.15980000000000003
0.7490000000000003 0.15985000000000002
0.7500000000000003 0.15990000000000004
0.7510000000000003 0.16000000000000003
0.7520000000000003 0.16010000000000002
0.7530000000000003 0.16015000000000001
0.7540000000000003 0.1602
0.7550000000000003 0.160250005
0.7560000000000003 0.16030001
0.7570000000000003 0.16035001000000002
0.7580000000000003 0.16040001
0.7590000000000003 0.16045
0.7600000000000003 0.16049999000000004
0.7610000000000003 0.16059999500000002
0.7620000000000003 0.1607
0.7630000000000003 0.1607
0.7640000000000003 0.1607
0.7650000000000003 0.16075
0.7660000000000003 0.16079999999999997
0.7670000000000003 0.16085000000000002
0.7680000000000003 0.1609
0.7690000000000003 0.16095000000000004
0.7700000000000004 0.161
0.7710000000000004 0.161
0.7720000000000004 0.161
0.7730000000000004 0.16105000500000002
0.7740000000000004 0.16110001000000002
0.7750000000000004 0.16115000999999998
0.7760000000000004 0.16120000999999998
0.7770000000000004 0.16125
0.7780000000000004 0.16129999
0.7790000000000004 0.16134999
0.7800000000000004 0.16139999
0.7810000000000004 0.16139999
0.7820000000000004 0.16139999
0.7830000000000004 0.161449995
0.7840000000000004 0.16149999999999998
0.7850000000000004 0.16149999999999998
0.7860000000000004 0.16149999999999998
0.7870000000000004 0.16149999999999998
0.7880000000000004 0.16149999999999998
0.7890000000000004 0.16155
0.7900000000000004 0.1616
0.7910000000000004 0.16165000000000002
0.7920000000000004 0.1617
0.7930000000000004 0.1617
0.7940000000000004 0.1617
0.7950000000000004 0.1617
0.7960000000000004 0.1617
0.7970000000000004 0.16175
0.7980000000000004 0.1618
0.7990000000000004 0.16185000500000002
0.8000000000000004 0.16190000999999998
0.8010000000000004 0.16191500899999997
0.8020000000000004 0.16193000800000001
0.8030000000000004 0.161945007
0.8040000000000004 0.16196000600000002
0.8050000000000004 0.161975005
0.8060000000000004 0.161990004
0.8070000000000004 0.162005003
0.8080000000000004 0.162020002
0.8090000000000004 0.16203500099999998
0.8100000000000004 0.16205000000000003
0.8110000000000004 0.16206499900000002
0.8120000000000004 0.162079998
0.8130000000000004 0.16209499700000002
0.8140000000000004 0.162109996
0.8150000000000004 0.162124995
0.8160000000000004 0.162139994
0.8170000000000004 0.16215499300000003
0.8180000000000004 0.162169992
0.8190000000000004 0.16218499100000003
0.8200000000000004 0.16219999000000002
0.8210000000000004 0.16222499050000003
0.8220000000000004 0.162249991
0.8230000000000004 0.16227499150000002
0.8240000000000004 0.162299992
0.8250000000000004 0.16232499250000004
0.8260000000000004 0.16234999300000003
0.8270000000000004 0.1623749935
0.8280000000000004 0.16239999400000002
0.8290000000000004 0.1624249945
0.8300000000000004 0.162449995
0.8310000000000004 0.1624749955
0.8320000000000004 0.16249999600000004
0.8330000000000004 0.16252499650000002
0.8340000000000004 0.16254999700000003
0.8350000000000004 0.1625749975
0.8360000000000004 0.16259999800000002
0.8370000000000004 0.1626249985
0.8380000000000004 0.162649999
0.8390000000000004 0.1626749995
0.8400000000000004 0.16269999999999998
0.8410000000000004 0.16273500000000002
0.8420000000000004 0.16277
0.8430000000000004 0.162805
0.8440000000000004 0.16284
0.8450000000000004 0.16287500000000002
0.8460000000000004 0.16291
0.8470000000000004 0.16294500000000003
0.8480000000000004 0.16298
0.8490000000000004 0.16301500000000002
0.8500000000000004 0.16305
0.8510000000000004 0.16308500000000004
0.8520000000000004 0.16312000000000001
0.8530000000000004 0.163155
0.8540000000000004 0.16319000000000003
0.8550000000000004 0.163225
0.8560000000000004 0.16326000000000002
0.8570000000000004 0.16329500000000002
0.8580000000000004 0.16333000000000003
0.8590000000000004 0.163365
0.8600000000000004 0.1634
0.8610000000000004 0.1634249995
0.8620000000000004 0.163449999
0.8630000000000004 0.16347499850000002
0.8640000000000004 0.16349999800000004
0.8650000000000004 0.1635249975
0.8660000000000004 0.163549997
0.8670000000000004 0.16357499650000001
0.8680000000000004 0.16359999600000003
0.8690000000000004 0.16362499550000004
0.8700000000000004 0.163649995
0.8710000000000004 0.1636749945
0.8720000000000004 0.16369999400000002
0.8730000000000004 0.16372499350000003
0.8740000000000004 0.16374999300000004
0.8750000000000004 0.1637749925
0.8760000000000004 0.163799992
0.8770000000000004 0.16382499150000002
0.8780000000000004 0.16384999100000003
0.8790000000000004 0.1638749905
0.8800000000000004 0.16389999000000002
0.8810000000000004 0.16393999
0.8820000000000005 0.16397999000000002
0.8830000000000005 0.16401999
0.8840000000000005 0.16405999000000002
0.8850000000000005 0.16409999000000003
0.8860000000000005 0.16413999
0.8870000000000005 0.16417999000000003
0.8880000000000005 0.16421999000000004
0.8890000000000005 0.16425999000000002
0.8900000000000005 0.16429999000000003
0.8910000000000005 0.16433999000000005
0.8920000000000005 0.16437999
0.8930000000000005 0.16441999000000002
0.8940000000000005 0.16445999000000003
0.8950000000000005 0.16449999
0.8960000000000005 0.16453999000000002
0.8970000000000005 0.16457999000000004
0.8980000000000005 0.16461999000000002
0.8990000000000005 0.16465999000000003
0.9000000000000005 0.16469999000000005
0.9010000000000005 0.16474999050000005
0.9020000000000005 0.16479999100000003
0.9030000000000005 0.16484999150000004
0.9040000000000005 0.16489999200000002
0.9050000000000005 0.16494999250000003
0.9060000000000005 0.164999993
0.9070000000000005 0.16504999350000002
0.9080000000000005 0.16509999400000003
0.9090000000000005 0.16514999450000004
0.9100000000000005 0.16519999500000004
0.9110000000000005 0.16524999550000005
0.9120000000000005 0.16529999600000003
0.9130000000000005 0.16534999650000004
0.9140000000000005 0.16539999700000002
0.9150000000000005 0.16544999750000003
0.9160000000000005 0.165499998
0.9170000000000005 0.16554999850000002
0.9180000000000005 0.165599999
0.9190000000000005 0.16564999950000003
0.9200000000000005 0.16570000000000004
0.9210000000000005 0.16575000000000004
0.9220000000000005 0.16580000000000003
0.9230000000000005 0.16585000000000005
0.9240000000000005 0.16590000000000005
0.9250000000000005 0.16595000000000001
0.9260000000000005 0.166
0.9270000000000005 0.16605000000000003
0.9280000000000005 0.16610000000000003
0.9290000000000005 0.16615000000000002
0.9300000000000005 0.16620000000000004
0.9310000000000005 0.16625000000000004
0.9320000000000005 0.16630000000000003
0.9330000000000005 0.16635000000000005
0.9340000000000005 0.16640000000000005
0.9350000000000005 0.16645000000000004
0.9360000000000005 0.16650000000000006
0.9370000000000005 0.16655000000000006
0.9380000000000005 0.16660000000000003
0.9390000000000005 0.16665000000000002
0.9400000000000005 0.16670000000000004
0.9410000000000005 0.16676499950000004
0.9420000000000005 0.16682999900000006
0.9430000000000005 0.16689499850000003
0.9440000000000005 0.16695999800000005
0.9450000000000005 0.16702499750000005
0.9460000000000005 0.16708999700000005
0.9470000000000005 0.16715499650000004
0.9480000000000005 0.16721999600000004
0.9490000000000005 0.16728499550000006
0.9500000000000005 0.16734999500000003
0.9510000000000005 0.16741499450000003
0.9520000000000005 0.16747999400000005
0.9530000000000005 0.16754499350000004
0.9540000000000005 0.16760999300000004
0.9550000000000005 0.16767499250000004
0.9560000000000005 0.16773999200000003
0.9570000000000005 0.16780499150000006
0.9580000000000005 0.16786999100000002
0.9590000000000005 0.16793499050000005
0.9600000000000005 0.16799999000000004
0.9610000000000005 0.16805999050000003
0.9620000000000005 0.16811999100000005
0.9630000000000005 0.16817999150000001
0.9640000000000005 0.16823999200000003
0.9650000000000005 0.16829999250000005
0.9660000000000005 0.16835999300000004
0.9670000000000005 0.16841999350000006
0.9680000000000005 0.16847999400000002
0.9690000000000005 0.16853999450000004
0.9700000000000005 0.16859999500000003
0.9710000000000005 0.16865999550000005
0.9720000000000005 0.16871999600000007
0.9730000000000005 0.16877999650000003
0.9740000000000005 0.16883999700000005
0.9750000000000005 0.16889999750000004
0.9760000000000005 0.16895999800000006
0.9770000000000005 0.16901999850000007
0.9780000000000005 0.16907999900000004
0.9790000000000005 0.16913999950000005
0.9800000000000005 0.16920000000000004
0.9810000000000005 0.16926000050000006
0.9820000000000005 0.16932000100000003
0.9830000000000005 0.16938000150000004
0.9840000000000005 0.16944000200000006
0.9850000000000005 0.16950000250000005
0.9860000000000005 0.16956000300000004
0.9870000000000005 0.16962000350000003
0.9880000000000005 0.16968000400000005
0.9890000000000005 0.16974000450000004
0.9900000000000005 0.16980000500000003
0.9910000000000005 0.16986000550000002
0.9920000000000005 0.16992000600000004
0.9930000000000005 0.16998000650000006
0.9940000000000005 0.17004000700000002
0.9950000000000006 0.17010000750000004
0.9960000000000006 0.17016000800000003
0.9970000000000006 0.17022000850000005
0.9980000000000006 0.170280009
0.9990000000000006 0.17034000950000003
1.0000000000000004 0.17040001
1.0010000000000006 0.17043501000000003
1.0020000000000007 0.17047001
1.0030000000000006 0.17050501
1.0040000000000004 0.17054001000000002
1.0050000000000006 0.17057501000000003
1.0060000000000007 0.17061001
1.0070000000000006 0.17064501000000004
1.0080000000000005 0.17068001000000002
1.0090000000000006 0.17071501
1.0100000000000007 0.17075001000000004
1.0110000000000006 0.17078501000000001
1.0120000000000005 0.17082001000000002
1.0130000000000006 0.17085501
1.0140000000000007 0.17089001000000004
1.0150000000000006 0.17092501000000002
1.0160000000000005 0.17096001000000002
1.0170000000000006 0.17099501000000003
1.0180000000000007 0.17103001000000004
1.0190000000000006 0.17106501000000002
1.0200000000000005 0.17110001
1.0210000000000006 0.1711250095
1.0220000000000007 0.17115000900000002
1.0230000000000006 0.17117500850000003
1.0240000000000005 0.17120000800000004
1.0250000000000006 0.1712250075
1.0260000000000007 0.171250007
1.0270000000000006 0.17127500650000002
1.0280000000000005 0.17130000600000003
1.0290000000000006 0.17132500550000004
1.0300000000000007 0.171350005
1.0310000000000006 0.1713750045
1.0320000000000005 0.17140000400000002
1.0330000000000006 0.17142500350000003
1.0340000000000007 0.17145000300000002
1.0350000000000006 0.1714750025
1.0360000000000005 0.171500002
1.0370000000000006 0.17152500150000002
1.0380000000000007 0.17155000100000004
1.0390000000000006 0.17157500050000002
1.0400000000000005 0.1716
1.0410000000000006 0.17162999950000002
1.0420000000000007 0.17165999900000004
1.0430000000000006 0.17168999850000002
1.0440000000000005 0.171719998
1.0450000000000006 0.1717499975
1.0460000000000007 0.17177999700000002
1.0470000000000006 0.17180999650000003
1.0480000000000005 0.17183999600000002
1.0490000000000006 0.17186999550000004
1.0500000000000007 0.17189999500000003
1.0510000000000006 0.17192999450000002
1.0520000000000005 0.171959994
1.0530000000000006 0.17198999350000002
1.0540000000000007 0.17201999300000004
1.0550000000000006 0.17204999250000003
1.0560000000000005 0.17207999200000004
1.0570000000000006 0.17210999150000003
1.0580000000000007 0.17213999100000002
1.0590000000000006 0.1721699905
1.0600000000000005 0.17219999000000002
1.0610000000000006 0.17221499050000003
1.0620000000000007 0.17222999100000003
1.0630000000000006 0.17224499150000003
1.0640000000000005 0.172259992
1.0650000000000006 0.1722749925
1.0660000000000007 0.17228999300000003
1.0670000000000006 0.17230499350000003
1.0680000000000005 0.17231999400000003
1.0690000000000006 0.1723349945
1.0700000000000007 0.172349995
1.0710000000000006 0.1723649955
1.0720000000000005 0.172379996
1.0730000000000006 0.17239499650000004
1.0740000000000007 0.172409997
1.0750000000000006 0.1724249975
1.0760000000000005 0.172439998
1.0770000000000006 0.1724549985
1.0780000000000007 0.172469999
1.0790000000000006 0.17248499949999999
1.0800000000000005 0.1725
1.0810000000000006 0.1725200005
1.0820000000000007 0.17254000100000003
1.0830000000000006 0.17256000150000003
1.0840000000000005 0.172580002
1.0850000000000006 0.17260000250000002
1.0860000000000007 0.172620003
1.0870000000000006 0.1726400035
1.0880000000000005 0.172660004
1.0890000000000006 0.1726800045
1.0900000000000007 0.17270000500000002
1.0910000000000006 0.17272000550000002
1.0920000000000005 0.172740006
1.0930000000000006 0.1727600065
1.0940000000000007 0.17278000699999999
1.0950000000000006 0.17280000750000002
1.0960000000000005 0.17282000800000002
1.0970000000000006 0.17284000850000003
1.0980000000000008 0.172860009
1.0990000000000006 0.17288000950000001
1.1000000000000005 0.17290001
1.1010000000000006 0.1729150095
1.1020000000000008 0.17293000900000002
1.1030000000000006 0.17294500850000002
1.1040000000000005 0.17296000800000003
1.1050000000000006 0.1729750075
1.1060000000000008 0.172990007
1.1070000000000007 0.1730050065
1.1080000000000005 0.173020006
1.1090000000000007 0.17303500550000003
1.1100000000000008 0.173050005
1.1110000000000007 0.1730650045
1.1120000000000005 0.173080004
1.1130000000000007 0.1730950035
1.1140000000000008 0.173110003
1.1150000000000007 0.17312500249999999
1.1160000000000005 0.17314000200000002
1.1170000000000007 0.17315500150000002
1.1180000000000008 0.17317000100000002
1.1190000000000007 0.17318500050000002
1.1200000000000006 0.1732
1.1210000000000007 0.1732200005
1.1220000000000008 0.17324000100000003
1.1230000000000007 0.1732600015
1.1240000000000006 0.17328000200000002
1.1250000000000007 0.17330000250000002
1.1260000000000008 0.173320003
1.1270000000000007 0.1733400035
1.1280000000000006 0.17336000400000004
1.1290000000000007 0.17338000450000002
1.1300000000000008 0.17340000500000002
1.1310000000000007 0.17342000550000003
1.1320000000000006 0.173440006
1.1330000000000007 0.1734600065
1.1340000000000008 0.17348000700000005
1.1350000000000007 0.17350000750000003
1.1360000000000006 0.17352000800000003
1.1370000000000007 0.1735400085
1.1380000000000008 0.17356000900000002
1.1390000000000007 0.17358000950000002
1.1400000000000006 0.17360001
1.1410000000000007 0.17362000950000003
1.1420000000000008 0.173640009
1.1430000000000007 0.17366000850000002
1.1440000000000006 0.173680008
1.1450000000000007 0.17370000750000003
1.1460000000000008 0.173720007
1.1470000000000007 0.17374000650000002
1.1480000000000006 0.17376000600000002
1.1490000000000007 0.1737800055
1.1500000000000008 0.173800005
1.1510000000000007 0.17382000449999999
1.1520000000000006 0.17384000400000002
1.1530000000000007 0.1738600035
1.1540000000000008 0.173880003
1.1550000000000007 0.1739000025
1.1560000000000006 0.17392000200000002
1.1570000000000007 0.1739400015
1.1580000000000008 0.17396000100000003
1.1590000000000007 0.1739800005
1.1600000000000006 0.17400000000000002
1.1610000000000007 0.1740299995
1.1620000000000008 0.17405999900000002
1.1630000000000007 0.1740899985
1.1640000000000006 0.174119998
1.1650000000000007 0.1741499975
1.1660000000000008 0.17417999700000003
1.1670000000000007 0.17420999650000002
1.1680000000000006 0.174239996
1.1690000000000007 0.17426999550000002
1.1700000000000008 0.174299995
1.1710000000000007 0.1743299945
1.1720000000000006 0.174359994
1.1730000000000007 0.17438999350000003
1.1740000000000008 0.17441999300000002
1.1750000000000007 0.1744499925
1.1760000000000006 0.17447999200000003
1.1770000000000007 0.17450999150000002
1.1780000000000008 0.174539991
1.1790000000000007 0.17456999050000005
1.1800000000000006 0.17459999
1.1810000000000007 0.17459499099999998
1.1820000000000008 0.174589992
1.1830000000000007 0.174584993
1.1840000000000006 0.174579994
1.1850000000000007 0.174574995
1.1860000000000008 0.174569996
1.1870000000000007 0.17456499699999997
1.1880000000000006 0.174559998
1.1890000000000007 0.174554999
1.1900000000000008 0.17454999999999998
1.1910000000000007 0.174545001
1.1920000000000006 0.174540002
1.1930000000000007 0.174535003
1.1940000000000008 0.17453000400000002
1.1950000000000007 0.17452500499999998
1.1960000000000006 0.174520006
1.1970000000000007 0.174515007
1.1980000000000008 0.174510008
1.1990000000000007 0.17450500900000002
1.2000000000000006 0.17450001
1.2010000000000007 0.17452500950000002
1.2020000000000008 0.174550009
1.2030000000000007 0.17457500850000002
1.2040000000000006 0.17460000800000003
1.2050000000000007 0.17462500750000004
1.2060000000000008 0.174650007
1.2070000000000007 0.1746750065
1.2080000000000006 0.17470000600000002
1.2090000000000007 0.17472500550000003
1.2100000000000009 0.17475000500000004
1.2110000000000007 0.1747750045
1.2120000000000006 0.174800004
1.2130000000000007 0.17482500350000002
1.2140000000000009 0.17485000300000003
1.2150000000000007 0.17487500250000004
1.2160000000000006 0.174900002
1.2170000000000007 0.1749250015
1.2180000000000009 0.17495000100000002
1.2190000000000007 0.17497500050000003
1.2200000000000006 0.175
1.2210000000000008 0.17501
1.2220000000000009 0.17502000000000004
1.2230000000000008 0.17503
1.2240000000000006 0.17504
1.2250000000000008 0.17504999999999998
1.2260000000000009 0.17506
1.2270000000000008 0.17507
1.2280000000000006 0.17507999999999999
1.2290000000000008 0.17509
1.2300000000000009 0.1751
1.2310000000000008 0.17511
1.2320000000000007 0.17512
1.2330000000000008 0.17513
1.2340000000000009 0.17514
1.2350000000000008 0.17515
1.2360000000000007 0.17516
1.2370000000000008 0.17517
1.2380000000000009 0.17518
1.2390000000000008 0.17519
1.2400000000000007 0.1752
1.2410000000000008 0.1752199995
1.2420000000000009 0.175239999
1.2430000000000008 0.1752599985
1.2440000000000007 0.175279998
1.2450000000000008 0.17529999750000003
1.2460000000000009 0.175319997
1.2470000000000008 0.1753399965
1.2480000000000007 0.175359996
1.2490000000000008 0.17537999550000002
1.2500000000000009 0.175399995
1.2510000000000008 0.1754199945
1.2520000000000007 0.17543999400000002
1.2530000000000008 0.17545999350000002
1.254000000000001 0.175479993
1.2550000000000008 0.17549999250000003
1.2560000000000007 0.175519992
1.2570000000000008 0.17553999150000002
1.258000000000001 0.175559991
1.2590000000000008 0.17557999050000003
1.2600000000000007 0.17559999
1.2610000000000008 0.1756149905
1.262000000000001 0.175629991
1.2630000000000008 0.17564499150000004
1.2640000000000007 0.17565999200000001
1.2650000000000008 0.17567499250000002
1.266000000000001 0.17568999300000002
1.2670000000000008 0.17570499350000002
1.2680000000000007 0.17571999400000002
1.2690000000000008 0.17573499450000005
1.270000000000001 0.175749995
1.2710000000000008 0.17576499550000002
1.2720000000000007 0.17577999600000002
1.2730000000000008 0.17579499650000002
1.274000000000001 0.17580999700000002
1.2750000000000008 0.1758249975
1.2760000000000007 0.175839998
1.2770000000000008 0.17585499850000003
1.278000000000001 0.17586999900000003
1.2790000000000008 0.17588499950000003
1.2800000000000007 0.1759
1.2810000000000008 0.17591000050000002
1.282000000000001 0.175920001
1.2830000000000008 0.17593000150000002
1.2840000000000007 0.175940002
1.2850000000000008 0.1759500025
1.286000000000001 0.175960003
1.2870000000000008 0.17597000350000003
1.2880000000000007 0.175980004
1.2890000000000008 0.17599000450000002
1.290000000000001 0.17600000500000001
1.2910000000000008 0.1760100055
1.2920000000000007 0.176020006
1.2930000000000008 0.17603000650000003
1.294000000000001 0.176040007
1.2950000000000008 0.17605000750000002
1.2960000000000007 0.176060008
1.2970000000000008 0.1760700085
1.298000000000001 0.176080009
1.2990000000000008 0.17609000950000003
1.3000000000000007 0.17610001
1.3010000000000008 0.17611500900000002
1.302000000000001 0.176130008
1.3030000000000008 0.17614500700000002
1.3040000000000007 0.176160006
1.3050000000000008 0.17617500500000002
1.306000000000001 0.176190004
1.3070000000000008 0.176205003
1.3080000000000007 0.17622000200000001
1.3090000000000008 0.176235001
1.310000000000001 0.17625
1.3110000000000008 0.17626499900000003
1.3120000000000007 0.17627999800000002
1.3130000000000008 0.176294997
1.314000000000001 0.17630999600000002
1.3150000000000008 0.176324995
1.3160000000000007 0.176339994
1.3170000000000008 0.176354993
1.318000000000001 0.17636999200000003
1.3190000000000008 0.17638499100000002
1.3200000000000007 0.17639999
1.3210000000000008 0.1764099905
1.322000000000001 0.176419991
1.3230000000000008 0.17642999150000002
1.3240000000000007 0.176439992
1.3250000000000008 0.1764499925
1.326000000000001 0.176459993
1.3270000000000008 0.1764699935
1.3280000000000007 0.176479994
1.3290000000000008 0.17648999450000002
1.330000000000001 0.176499995
1.3310000000000008 0.17650999550000002
1.3320000000000007 0.176519996
1.3330000000000009 0.1765299965
1.334000000000001 0.176539997
1.3350000000000009 0.17654999750000003
1.3360000000000007 0.176559998
1.3370000000000009 0.17656999850000002
1.338000000000001 0.176579999
1.3390000000000009 0.1765899995
1.3400000000000007 0.1766
1.3410000000000009 0.176595
1.342000000000001 0.17659
1.3430000000000009 0.176585
1.3440000000000007 0.17658000000000001
1.3450000000000009 0.17657499999999998
1.346000000000001 0.17657
1.3470000000000009 0.17656499999999997
1.3480000000000008 0.17656
1.3490000000000009 0.176555
1.350000000000001 0.17654999999999998
1.3510000000000009 0.17654499999999998
1.3520000000000008 0.17654
1.3530000000000009 0.17653499999999997
1.354000000000001 0.17653
1.3550000000000009 0.176525
1.3560000000000008 0.17651999999999998
1.3570000000000009 0.17651499999999998
1.358000000000001 0.17651
1.3590000000000009 0.17650499999999997
1.3600000000000008 0.1765
1.3610000000000009 0.1765
1.362000000000001 0.1765
1.3630000000000009 0.1765
1.3640000000000008 0.1765
1.3650000000000009 0.1765
1.366000000000001 0.1765
1.3670000000000009 0.1765
1.3680000000000008 0.1765
1.3690000000000009 0.1765
1.370000000000001 0.1765
1.3710000000000009 0.1765
1.3720000000000008 0.1765
1.3730000000000009 0.1765
1.374000000000001 0.1765
1.3750000000000009 0.1765
1.3760000000000008 0.1765
1.377000000000001 0.1765
1.378000000000001 0.1765
1.379000000000001 0.1765
1.3800000000000008 0.1764999999999999
1.381000000000001 0.17643499999999993
1.382000000000001 0.1763699999999999
1.383000000000001 0.1763049999999999
1.3840000000000008 0.17623999999999992
1.385000000000001 0.17617499999999992
1.386000000000001 0.1761099999999999
1.387000000000001 0.1760449999999999
1.3880000000000008 0.17597999999999991
1.389000000000001 0.17591499999999993
1.390000000000001 0.1758499999999999
1.391000000000001 0.1757849999999999
1.3920000000000008 0.17571999999999993
1.393000000000001 0.17565499999999992
1.394000000000001 0.1755899999999999
1.395000000000001 0.1755249999999999
1.3960000000000008 0.17545999999999992
1.397000000000001 0.17539499999999994
1.398000000000001 0.1753299999999999
1.399000000000001 0.17526499999999992
1.4000000000000008 0.17519999999999997
1.4010000000000007 0.17516000049999994
1.402000000000001 0.17512000099999994
1.403000000000001 0.17508000149999994
1.4040000000000008 0.17504000199999997
1.4050000000000007 0.17500000249999995
1.406000000000001 0.17496000299999995
1.407000000000001 0.17492000349999995
1.4080000000000008 0.17488000399999998
1.4090000000000007 0.17484000449999995
1.410000000000001 0.17480000499999995
1.411000000000001 0.17476000549999995
1.4120000000000008 0.17472000599999993
1.4130000000000007 0.17468000649999996
1.414000000000001 0.17464000699999996
1.415000000000001 0.17460000749999996
1.4160000000000008 0.17456000799999993
1.4170000000000007 0.17452000849999996
1.418000000000001 0.17448000899999994
1.419000000000001 0.17444000949999997
1.4200000000000008 0.17440001000000002
1.4210000000000007 0.1744250095
1.422000000000001 0.174450009
1.423000000000001 0.1744750085
1.4240000000000008 0.174500008
1.4250000000000007 0.17452500750000002
1.426000000000001 0.17455000700000003
1.427000000000001 0.1745750065
1.4280000000000008 0.174600006
1.4290000000000007 0.1746250055
1.430000000000001 0.17465000500000002
1.431000000000001 0.17467500450000004
1.4320000000000008 0.174700004
1.4330000000000007 0.1747250035
1.434000000000001 0.17475000300000001
1.435000000000001 0.17477500250000003
1.4360000000000008 0.17480000199999998
1.4370000000000007 0.1748250015
1.438000000000001 0.174850001
1.439000000000001 0.17487500050000002
1.4400000000000008 0.17490000000000003
1.4410000000000007 0.1749200005
1.442000000000001 0.174940001
1.443000000000001 0.17496000150000002
1.4440000000000008 0.174980002
1.4450000000000007 0.1750000025
1.446000000000001 0.17502000300000004
1.447000000000001 0.1750400035
1.4480000000000008 0.17506000400000002
1.4490000000000007 0.1750800045
1.450000000000001 0.175100005
1.451000000000001 0.1751200055
1.4520000000000008 0.175140006
1.4530000000000007 0.1751600065
1.454000000000001 0.17518000700000003
1.455000000000001 0.1752000075
1.4560000000000008 0.175220008
1.4570000000000007 0.1752400085
1.458000000000001 0.175260009
1.459000000000001 0.1752800095
1.4600000000000009 0.17530001000000003
1.4610000000000007 0.17534001000000005
1.462000000000001 0.17538001000000006
1.463000000000001 0.17542001000000002
1.4640000000000009 0.17546001000000003
1.4650000000000007 0.17550001
1.466000000000001 0.17554001000000002
1.467000000000001 0.17558001000000004
1.4680000000000009 0.17562001000000002
1.4690000000000007 0.17566001000000003
1.470000000000001 0.17570001000000005
1.471000000000001 0.17574001000000003
1.4720000000000009 0.17578001000000004
1.4730000000000008 0.17582001000000003
1.474000000000001 0.17586001000000004
1.475000000000001 0.17590001000000005
1.4760000000000009 0.17594001000000004
1.4770000000000008 0.17598001000000005
1.478000000000001 0.17602001000000006
1.479000000000001 0.17606001000000002
1.4800000000000009 0.17610001000000003
1.4810000000000008 0.17614501000000005
1.482000000000001 0.17619001000000004
1.483000000000001 0.17623501000000005
1.4840000000000009 0.17628001000000004
1.4850000000000008 0.17632501000000006
1.486000000000001 0.17637001000000005
1.487000000000001 0.17641501000000004
1.4880000000000009 0.17646001000000006
1.4890000000000008 0.17650501000000005
1.490000000000001 0.17655001000000006
1.491000000000001 0.17659501000000005
1.4920000000000009 0.17664001000000007
1.4930000000000008 0.17668501000000003
1.494000000000001 0.17673001000000008
1.495000000000001 0.17677501000000007
1.4960000000000009 0.17682001000000003
1.4970000000000008 0.17686501000000004
1.498000000000001 0.17691001000000006
1.499000000000001 0.17695501000000002
1.5000000000000009 0.17700001000000004
1.5010000000000008 0.17704001000000003
1.5020000000000011 0.17708001000000004
1.503000000000001 0.17712001000000005
1.504000000000001 0.17716001000000003
1.5050000000000008 0.17720001000000005
1.5060000000000011 0.17724001000000006
1.507000000000001 0.17728001000000002
1.508000000000001 0.17732001000000003
1.5090000000000008 0.17736001
1.5100000000000011 0.17740001000000002
1.511000000000001 0.17744001000000004
1.512000000000001 0.17748001000000002
1.5130000000000008 0.17752001000000003
1.5140000000000011 0.17756001000000005
1.515000000000001 0.17760001000000003
1.516000000000001 0.17764001000000004
1.5170000000000008 0.17768001000000003
1.5180000000000011 0.17772001000000004
1.519000000000001 0.17776001000000005
1.520000000000001 0.17780001
1.5210000000000008 0.17784501000000003
1.5220000000000011 0.17789001000000002
1.523000000000001 0.17793501000000003
1.524000000000001 0.17798001000000002
1.5250000000000008 0.17802501000000004
1.5260000000000011 0.17807001000000003
1.527000000000001 0.17811501000000005
1.528000000000001 0.17816001000000004
1.5290000000000008 0.17820501000000002
1.5300000000000011 0.17825001000000004
1.531000000000001 0.17829501000000003
1.532000000000001 0.17834001000000005
1.5330000000000008 0.17838501
1.5340000000000011 0.17843001000000006
1.535000000000001 0.17847501000000005
1.536000000000001 0.17852001
1.5370000000000008 0.17856501000000002
1.5380000000000011 0.17861001000000004
1.539000000000001 0.17865501000000003
1.540000000000001 0.17870001000000002
1.5410000000000008 0.1787300095
1.5420000000000011 0.178760009
1.543000000000001 0.17879000850000001
1.544000000000001 0.178820008
1.5450000000000008 0.1788500075
1.5460000000000012 0.17888000700000004
1.547000000000001 0.17891000650000002
1.548000000000001 0.178940006
1.5490000000000008 0.1789700055
1.5500000000000012 0.17900000500000002
1.551000000000001 0.1790300045
1.552000000000001 0.17906000400000002
1.5530000000000008 0.17909000350000004
1.5540000000000012 0.17912000300000003
1.555000000000001 0.17915000250000002
1.556000000000001 0.179180002
1.5570000000000008 0.17921000150000002
1.5580000000000012 0.17924000100000004
1.559000000000001 0.17927000050000003
1.560000000000001 0.17930000000000004
1.5610000000000008 0.17934000000000005
1.5620000000000012 0.17938000000000007
1.563000000000001 0.17942000000000002
1.564000000000001 0.17946000000000006
1.5650000000000008 0.17950000000000002
1.5660000000000012 0.17954000000000003
1.567000000000001 0.17958000000000005
1.568000000000001 0.17962000000000003
1.5690000000000008 0.17966000000000004
1.5700000000000012 0.17970000000000005
1.571000000000001 0.17974000000000004
1.572000000000001 0.17978000000000005
1.5730000000000008 0.17982000000000004
1.5740000000000012 0.17986000000000005
1.575000000000001 0.17990000000000006
1.576000000000001 0.17994000000000004
1.5770000000000008 0.17998000000000006
1.5780000000000012 0.18002000000000007
1.579000000000001 0.18006000000000003
1.580000000000001 0.18010000000000004
1.5810000000000008 0.18013000000000004
1.5820000000000012 0.18016000000000004
1.583000000000001 0.18019000000000004
1.584000000000001 0.18022000000000005
1.5850000000000009 0.18025000000000002
1.5860000000000012 0.18028000000000005
1.587000000000001 0.18031000000000003
1.588000000000001 0.18034000000000003
1.5890000000000009 0.18037000000000003
1.5900000000000012 0.18040000000000003
1.591000000000001 0.18043000000000003
1.592000000000001 0.18046000000000004
1.5930000000000009 0.18049000000000004
1.5940000000000012 0.18052000000000004
1.595000000000001 0.18055000000000004
1.596000000000001 0.18058000000000005
1.5970000000000009 0.18061000000000005
1.5980000000000012 0.18064000000000002
1.599000000000001 0.18067000000000003
1.600000000000001 0.18070000000000003
1.6010000000000009 0.18074500000000004
1.6020000000000012 0.18079000000000003
1.603000000000001 0.18083500000000005
1.604000000000001 0.18088000000000004
1.6050000000000009 0.18092500000000006
1.6060000000000012 0.18097000000000005
1.607000000000001 0.18101500000000004
1.608000000000001 0.18106000000000005
1.6090000000000009 0.18110500000000004
1.6100000000000012 0.18115000000000006
1.611000000000001 0.18119500000000005
1.612000000000001 0.18124000000000007
1.6130000000000009 0.18128500000000003
1.6140000000000012 0.18133000000000007
1.615000000000001 0.18137500000000006
1.616000000000001 0.18142000000000003
1.6170000000000009 0.18146500000000004
1.6180000000000012 0.18151000000000006
1.619000000000001 0.18155500000000002
1.620000000000001 0.18160000000000004
1.6210000000000009 0.18163500000000002
1.6220000000000012 0.18167000000000005
1.623000000000001 0.18170500000000003
1.624000000000001 0.18174000000000004
1.6250000000000009 0.18177500000000002
1.6260000000000012 0.18181000000000005
1.6270000000000011 0.18184500000000003
1.628000000000001 0.18188000000000001
1.629000000000001 0.18191500000000005
1.6300000000000012 0.18195000000000003
1.6310000000000011 0.18198500000000004
1.632000000000001 0.18202000000000004
1.633000000000001 0.18205500000000005
1.6340000000000012 0.18209000000000003
1.6350000000000011 0.18212500000000006
1.636000000000001 0.18216000000000004
1.637000000000001 0.18219500000000002
1.6380000000000012 0.18223000000000006
1.6390000000000011 0.18226500000000004
1.640000000000001 0.18230000000000005
1.641000000000001 0.1823349995
1.6420000000000012 0.18236999900000003
1.6430000000000011 0.18240499850000005
1.644000000000001 0.18243999800000005
1.645000000000001 0.18247499750000004
1.6460000000000012 0.18250999700000003
1.6470000000000011 0.18254499650000003
1.648000000000001 0.18257999600000005
1.649000000000001 0.18261499550000004
1.6500000000000012 0.18264999500000006
1.6510000000000011 0.18268499450000003
1.652000000000001 0.18271999400000002
1.653000000000001 0.18275499350000005
1.6540000000000012 0.18278999300000007
1.6550000000000011 0.18282499250000003
1.656000000000001 0.18285999200000003
1.657000000000001 0.18289499150000005
1.6580000000000013 0.18292999100000004
1.6590000000000011 0.18296499050000004
1.660000000000001 0.18299999
1.661000000000001 0.18300999050000002
1.6620000000000013 0.183019991
1.6630000000000011 0.18302999150000002
1.664000000000001 0.18303999199999998
1.665000000000001 0.1830499925
1.6660000000000013 0.183059993
1.6670000000000011 0.18306999350000003
1.668000000000001 0.183079994
1.669000000000001 0.18308999450000002
1.6700000000000013 0.183099995
1.6710000000000012 0.1831099955
1.672000000000001 0.183119996
1.673000000000001 0.18312999650000003
1.6740000000000013 0.183139997
1.6750000000000012 0.18314999750000002
1.676000000000001 0.183159998
1.677000000000001 0.18316999850000001
1.6780000000000013 0.183179999
1.6790000000000012 0.18318999950000003
1.680000000000001 0.1832
1.681000000000001 0.18321500000000002
1.6820000000000013 0.18323000000000003
1.6830000000000012 0.18324500000000005
1.684000000000001 0.18326
1.685000000000001 0.183275
1.6860000000000013 0.18329000000000004
1.6870000000000012 0.18330500000000005
1.688000000000001 0.18332
1.689000000000001 0.183335
1.6900000000000013 0.18335000000000004
1.6910000000000012 0.18336500000000006
1.692000000000001 0.18338000000000002
1.693000000000001 0.183395
1.6940000000000013 0.18341000000000005
1.6950000000000012 0.18342500000000006
1.696000000000001 0.18344000000000002
1.697000000000001 0.183455
1.6980000000000013 0.18347000000000005
1.6990000000000012 0.18348500000000004
1.700000000000001 0.18350000000000002
1.701000000000001 0.18351499950000005
1.7020000000000013 0.18352999900000003
1.7030000000000012 0.18354499850000003
1.704000000000001 0.18355999800000003
1.705000000000001 0.18357499750000003
1.7060000000000013 0.183589997
1.7070000000000012 0.18360499650000006
1.708000000000001 0.18361999600000004
1.709000000000001 0.18363499550000004
1.7100000000000013 0.18364999500000004
1.7110000000000012 0.18366499450000004
1.712000000000001 0.183679994
1.713000000000001 0.18369499350000001
1.7140000000000013 0.18370999300000004
1.7150000000000012 0.18372499250000005
1.716000000000001 0.18373999200000005
1.717000000000001 0.18375499150000002
1.7180000000000013 0.18376999100000002
1.7190000000000012 0.18378499050000002
1.720000000000001 0.18379999000000002
1.721000000000001 0.18379999000000002
1.7220000000000013 0.18379999000000002
1.7230000000000012 0.18379999000000002
1.724000000000001 0.18379999000000002
1.725000000000001 0.18379999000000002
1.7260000000000013 0.18379999000000002
1.7270000000000012 0.18379999000000002
1.728000000000001 0.18379999000000002
1.729000000000001 0.18379999000000002
1.7300000000000013 0.18379999000000002
1.7310000000000012 0.18379999000000002
1.732000000000001 0.18379999000000002
1.733000000000001 0.18379999000000002
1.7340000000000013 0.18379999000000002
1.7350000000000012 0.18379999000000002
1.736000000000001 0.18379999000000002
1.737000000000001 0.18379999000000002
1.7380000000000013 0.18379999000000002
1.7390000000000012 0.18379999000000002
1.740000000000001 0.18379999000000002
1.741000000000001 0.183794991
1.7420000000000013 0.18378999199999999
1.7430000000000012 0.183784993
1.744000000000001 0.183779994
1.745000000000001 0.183774995
1.7460000000000013 0.18376999600000002
1.7470000000000012 0.183764997
1.748000000000001 0.18375999799999998
1.749000000000001 0.183754999
1.7500000000000013 0.18375
1.7510000000000012 0.183745001
1.7520000000000011 0.18374000199999999
1.753000000000001 0.183735003
1.7540000000000013 0.18373000399999997
1.7550000000000012 0.18372500499999997
1.7560000000000011 0.183720006
1.757000000000001 0.18371500699999999
1.7580000000000013 0.18371000799999998
1.7590000000000012 0.183705009
1.7600000000000011 0.18370001000000002
1.761000000000001 0.1837200095
1.7620000000000013 0.183740009
1.7630000000000012 0.18376000850000002
1.7640000000000011 0.18378000800000002
1.765000000000001 0.1838000075
1.7660000000000013 0.18382000700000004
1.7670000000000012 0.1838400065
1.7680000000000011 0.18386000600000002
1.769000000000001 0.1838800055
1.7700000000000014 0.18390000500000003
1.7710000000000012 0.1839200045
1.7720000000000011 0.18394000400000002
1.773000000000001 0.18396000350000002
1.7740000000000014 0.18398000300000003
1.7750000000000012 0.1840000025
1.7760000000000011 0.18402000200000004
1.777000000000001 0.18404000150000002
1.7780000000000014 0.18406000100000003
1.7790000000000012 0.1840800005
1.7800000000000011 0.1841
1.781000000000001 0.18411500050000001
1.7820000000000014 0.18413000100000002
1.7830000000000013 0.18414500150000002
1.7840000000000011 0.18416000200000002
1.785000000000001 0.1841750025
1.7860000000000014 0.184190003
1.7870000000000013 0.18420500350000002
1.7880000000000011 0.18422000400000002
1.789000000000001 0.18423500450000002
1.7900000000000014 0.18425000500000002
1.7910000000000013 0.1842650055
1.7920000000000011 0.184280006
1.793000000000001 0.18429500650000002
1.7940000000000014 0.18431000700000003
1.7950000000000013 0.18432500750000003
1.7960000000000012 0.184340008
1.797000000000001 0.1843550085
1.7980000000000014 0.184370009
1.7990000000000013 0.18438500950000003
1.8000000000000012 0.18440000999999998
1.801000000000001 0.18441000899999999
1.8020000000000014 0.184420008
1.8030000000000013 0.18443000699999998
1.8040000000000012 0.184440006
1.805000000000001 0.184450005
1.8060000000000014 0.18446000399999998
1.8070000000000013 0.184470003
1.8080000000000012 0.184480002
1.809000000000001 0.184490001
1.8100000000000014 0.1845
1.8110000000000013 0.18450999899999998
1.8120000000000012 0.184519998
1.813000000000001 0.184529997
1.8140000000000014 0.18453999599999998
1.8150000000000013 0.184549995
1.8160000000000012 0.184559994
1.817000000000001 0.184569993
1.8180000000000014 0.184579992
1.8190000000000013 0.184589991
1.8200000000000012 0.18459999
1.821000000000001 0.18459999
1.8220000000000014 0.18459999
1.8230000000000013 0.18459999
1.8240000000000012 0.18459999
1.825000000000001 0.18459999
1.8260000000000014 0.18459999
1.8270000000000013 0.18459999
1.8280000000000012 0.18459999
1.829000000000001 0.18459999
1.8300000000000014 0.18459999
1.8310000000000013 0.18459999
1.8320000000000012 0.18459999
1.833000000000001 0.18459999
1.8340000000000014 0.18459999
1.8350000000000013 0.18459999
1.8360000000000012 0.18459999
1.837000000000001 0.18459999
1.8380000000000014 0.18459999
1.8390000000000013 0.18459999
1.8400000000000012 0.18459999
1.841000000000001 0.184589991
1.8420000000000014 0.184579992
1.8430000000000013 0.184569993
1.8440000000000012 0.184559994
1.845000000000001 0.184549995
1.8460000000000014 0.18453999599999998
1.8470000000000013 0.184529997
1.8480000000000012 0.184519998
1.849000000000001 0.18450999899999998
1.8500000000000014 0.1845
1.8510000000000013 0.184490001
1.8520000000000012 0.184480002
1.853000000000001 0.184470003
1.8540000000000014 0.18446000399999998
1.8550000000000013 0.184450005
1.8560000000000012 0.184440006
1.857000000000001 0.18443000699999998
1.8580000000000014 0.184420008
1.8590000000000013 0.18441000899999999
1.8600000000000012 0.1844000099999999
1.861000000000001 0.1843000094999999
1.8620000000000014 0.18420000899999983
1.8630000000000013 0.18410000849999986
1.8640000000000012 0.18400000799999985
1.865000000000001 0.18390000749999988
1.8660000000000014 0.18380000699999985
1.8670000000000013 0.18370000649999987
1.8680000000000012 0.18360000599999984
1.869000000000001 0.18350000549999987
1.8700000000000014 0.18340000499999984
1.8710000000000013 0.18330000449999986
1.8720000000000012 0.18320000399999986
1.873000000000001 0.18310000349999989
1.8740000000000014 0.18300000299999983
1.8750000000000013 0.18290000249999985
1.8760000000000012 0.18280000199999985
1.8770000000000011 0.18270000149999988
1.8780000000000014 0.18260000099999982
1.8790000000000013 0.18250000049999981
1.8800000000000012 0.18239999999999948
1.8810000000000011 0.18203499999999956
1.8820000000000014 0.18166999999999942
1.8830000000000013 0.18130499999999944
1.8840000000000012 0.18093999999999952
1.8850000000000011 0.18057499999999954
1.8860000000000015 0.18020999999999943
1.8870000000000013 0.17984499999999948
1.8880000000000012 0.1794799999999995
1.8890000000000011 0.17911499999999955
1.8900000000000015 0.17874999999999944
1.8910000000000013 0.17838499999999946
1.8920000000000012 0.17801999999999954
1.8930000000000011 0.17765499999999956
1.8940000000000015 0.17728999999999942
1.8950000000000014 0.1769249999999995
1.8960000000000012 0.17655999999999952
1.8970000000000011 0.17619499999999955
1.8980000000000015 0.17582999999999946
1.8990000000000014 0.17546499999999948
1.9000000000000012 0.17509999999999956
1.9010000000000011 0.17474000049999958
1.9020000000000015 0.17438000099999948
1.9030000000000014 0.1740200014999995
1.9040000000000012 0.17366000199999954
1.9050000000000011 0.17330000249999958
1.9060000000000015 0.17294000299999943
1.9070000000000014 0.1725800034999995
1.9080000000000013 0.17222000399999954
1.9090000000000011 0.17186000449999955
1.9100000000000015 0.17150000499999943
1.9110000000000014 0.1711400054999995
1.9120000000000013 0.17078000599999954
1.9130000000000011 0.17042000649999955
1.9140000000000015 0.17006000699999946
1.9150000000000014 0.16970000749999947
1.9160000000000013 0.16934000799999954
1.9170000000000011 0.16898000849999956
1.9180000000000015 0.16862000899999946
1.9190000000000014 0.16826000949999947
1.9200000000000013 0.16790000999999996
1.9210000000000012 0.16787000949999997
1.9220000000000015 0.16784000899999996
1.9230000000000014 0.16781000849999994
1.9240000000000013 0.16778000799999998
1.9250000000000012 0.16775000749999996
1.9260000000000015 0.16772000699999995
1.9270000000000014 0.16769000649999996
1.9280000000000013 0.16766000599999994
1.9290000000000012 0.16763000549999998
1.9300000000000015 0.16760000499999997
1.9310000000000014 0.16757000449999995
1.9320000000000013 0.16754000399999996
1.9330000000000012 0.16751000349999998
1.9340000000000015 0.16748000299999993
1.9350000000000014 0.16745000249999997
1.9360000000000013 0.16742000199999996
1.9370000000000012 0.16739000149999994
1.9380000000000015 0.16736000099999995
1.9390000000000014 0.16733000049999996
1.9400000000000013 0.16730000000000014
1.9410000000000012 0.16741499950000016
1.9420000000000015 0.16752999900000018
1.9430000000000014 0.16764499850000017
1.9440000000000013 0.16775999800000016
1.9450000000000012 0.16787499750000012
1.9460000000000015 0.16798999700000017
1.9470000000000014 0.1681049965000002
1.9480000000000013 0.16821999600000015
1.9490000000000012 0.16833499550000014
1.9500000000000015 0.16844999500000019
1.9510000000000014 0.16856499450000015
1.9520000000000013 0.16867999400000017
1.9530000000000012 0.16879499350000013
1.9540000000000015 0.16890999300000017
1.9550000000000014 0.16902499250000017
1.9560000000000013 0.16913999200000018
1.9570000000000012 0.16925499150000015
1.9580000000000015 0.1693699910000002
1.9590000000000014 0.16948499050000015
1.9600000000000013 0.16959999000000017
1.9610000000000012 0.1697399905000002
1.9620000000000015 0.1698799910000002
1.9630000000000014 0.17001999150000022
1.9640000000000013 0.17015999200000018
1.9650000000000012 0.17029999250000016
1.9660000000000015 0.1704399930000002
1.9670000000000014 0.1705799935000002
1.9680000000000013 0.17071999400000018
1.9690000000000012 0.17085999450000017
1.9700000000000015 0.1709999950000002
1.9710000000000014 0.1711399955000002
1.9720000000000013 0.17127999600000016
1.9730000000000012 0.17141999650000017
1.9740000000000015 0.17155999700000021
1.9750000000000014 0.1716999975000002
1.9760000000000013 0.17183999800000016
1.9770000000000012 0.17197999850000018
1.9780000000000015 0.1721199990000002
1.9790000000000014 0.1722599995000002
1.9800000000000013 0.17240000000000016
1.9810000000000012 0.17254500050000016
1.9820000000000015 0.1726900010000002
1.9830000000000014 0.1728350015000002
1.9840000000000013 0.1729800020000002
1.9850000000000012 0.17312500250000018
1.9860000000000015 0.1732700030000002
1.9870000000000014 0.1734150035000002
1.9880000000000013 0.17356000400000016
1.9890000000000012 0.17370500450000015
1.9900000000000015 0.17385000500000022
1.9910000000000014 0.17399500550000022
1.9920000000000013 0.17414000600000018
1.9930000000000012 0.17428500650000017
1.9940000000000015 0.1744300070000002
1.9950000000000014 0.17457500750000018
1.9960000000000013 0.17472000800000018
1.9970000000000012 0.17486500850000017
1.9980000000000016 0.17501000900000022
1.9990000000000014 0.1751550095000002
2.0000000000000013 0.17530001000000012
2.0010000000000012 0.17540500950000013
2.0020000000000016 0.17551000900000016
2.0030000000000014 0.1756150085000001
2.0040000000000013 0.17572000800000012
2.0050000000000012 0.17582500750000013
2.0060000000000016 0.17593000700000017
2.0070000000000014 0.17603500650000015
2.0080000000000013 0.17614000600000013
2.0090000000000012 0.1762450055000001
2.0100000000000016 0.17635000500000014
2.0110000000000015 0.17645500450000015
2.0120000000000013 0.17656000400000013
2.0130000000000012 0.1766650035000001
2.0140000000000016 0.17677000300000015
2.0150000000000015 0.17687500250000013
2.0160000000000013 0.17698000200000014
2.0170000000000012 0.1770850015000001
2.0180000000000016 0.17719000100000012
2.0190000000000015 0.17729500050000013
2.0200000000000014 0.17740000000000003
2.0210000000000012 0.17741500000000002
2.0220000000000016 0.17743000000000003
2.0230000000000015 0.17744500000000002
2.0240000000000014 0.17746000000000003
2.0250000000000012 0.17747500000000002
2.0260000000000016 0.17749000000000004
2.0270000000000015 0.17750500000000002
2.0280000000000014 0.17752
2.0290000000000012 0.17753500000000003
2.0300000000000016 0.17755
2.0310000000000015 0.17756500000000003
2.0320000000000014 0.17758000000000002
2.0330000000000013 0.17759500000000003
2.0340000000000016 0.17761000000000002
2.0350000000000015 0.17762500000000003
2.0360000000000014 0.17764000000000002
2.0370000000000013 0.17765500000000004
2.0380000000000016 0.17767000000000002
2.0390000000000015 0.17768500000000004
2.0400000000000014 0.1777
2.0410000000000013 0.17769
2.0420000000000016 0.17767999999999998
2.0430000000000015 0.17767
2.0440000000000014 0.17765999999999998
2.0450000000000013 0.17764999999999997
2.0460000000000016 0.17764
2.0470000000000015 0.17762999999999998
2.0480000000000014 0.17761999999999997
2.0490000000000013 0.17761
2.0500000000000016 0.17759999999999998
2.0510000000000015 0.17758999999999997
2.0520000000000014 0.17758
2.0530000000000013 0.17756999999999998
2.0540000000000016 0.17755999999999997
2.0550000000000015 0.17754999999999999
2.0560000000000014 0.17753999999999998
2.0570000000000013 0.17753
2.0580000000000016 0.17751999999999998
2.0590000000000015 0.17750999999999997
2.0600000000000014 0.17750000000000005
2.0610000000000013 0.17752000050000002
2.0620000000000016 0.17754000100000003
2.0630000000000015 0.1775600015
2.0640000000000014 0.17758000200000001
2.0650000000000013 0.17760000250000002
2.0660000000000016 0.17762000300000003
2.0670000000000015 0.17764000350000003
2.0680000000000014 0.17766000400000004
2.0690000000000013 0.17768000450000002
2.0700000000000016 0.17770000500000002
2.0710000000000015 0.1777200055
2.0720000000000014 0.17774000600000003
2.0730000000000013 0.17776000650000004
2.0740000000000016 0.17778000700000005
2.0750000000000015 0.17780000750000002
2.0760000000000014 0.17782000800000003
2.0770000000000013 0.1778400085
2.0780000000000016 0.17786000900000004
2.0790000000000015 0.17788000950000005
2.0800000000000014 0.17790001000000003
2.0810000000000013 0.17792500950000004
2.0820000000000016 0.17795000900000005
2.0830000000000015 0.17797500850000003
2.0840000000000014 0.17800000800000004
2.0850000000000013 0.17802500750000003
2.0860000000000016 0.17805000700000004
2.0870000000000015 0.17807500650000005
2.0880000000000014 0.17810000600000003
2.0890000000000013 0.17812500550000002
2.0900000000000016 0.17815000500000003
2.0910000000000015 0.17817500450000004
2.0920000000000014 0.17820000400000005
2.0930000000000013 0.17822500350000003
2.0940000000000016 0.17825000300000002
2.0950000000000015 0.17827500250000003
2.0960000000000014 0.17830000200000004
2.0970000000000013 0.17832500150000002
2.0980000000000016 0.178350001
2.0990000000000015 0.17837500050000002
2.1000000000000014 0.17840000000000006
2.1010000000000013 0.17845000050000007
2.1020000000000016 0.17850000100000007
2.1030000000000015 0.17855000150000006
2.1040000000000014 0.17860000200000006
2.1050000000000013 0.17865000250000004
2.1060000000000016 0.17870000300000008
2.1070000000000015 0.1787500035000001
2.1080000000000014 0.17880000400000007
2.1090000000000013 0.17885000450000008
2.1100000000000017 0.17890000500000006
2.1110000000000015 0.17895000550000006
2.1120000000000014 0.17900000600000004
2.1130000000000013 0.17905000650000005
2.1140000000000017 0.1791000070000001
2.1150000000000015 0.17915000750000007
2.1160000000000014 0.17920000800000005
2.1170000000000013 0.17925000850000003
2.1180000000000017 0.17930000900000007
2.1190000000000015 0.17935000950000007
2.1200000000000014 0.17940001
2.1210000000000013 0.17940501
2.1220000000000017 0.17941001
2.1230000000000016 0.17941500999999999
2.1240000000000014 0.17942001000000002
2.1250000000000013 0.17942501
2.1260000000000017 0.17943001
2.1270000000000016 0.17943501
2.1280000000000014 0.17944001
2.1290000000000013 0.17944501
2.1300000000000017 0.17945001000000002
2.1310000000000016 0.17945501
2.1320000000000014 0.17946001
2.1330000000000013 0.17946501
2.1340000000000017 0.17947001
2.1350000000000016 0.17947501
2.1360000000000015 0.17948001000000002
2.1370000000000013 0.17948501
2.1380000000000017 0.17949001000000003
2.1390000000000016 0.17949501
2.1400000000000015 0.1795000099999999
2.1410000000000013 0.17943000899999992
2.1420000000000017 0.17936000799999988
2.1430000000000016 0.1792900069999999
2.1440000000000015 0.1792200059999999
2.1450000000000014 0.17915000499999992
2.1460000000000017 0.17908000399999988
2.1470000000000016 0.1790100029999999
2.1480000000000015 0.1789400019999999
2.1490000000000014 0.17887000099999992
2.1500000000000017 0.17879999999999988
2.1510000000000016 0.1787299989999999
2.1520000000000015 0.1786599979999999
2.1530000000000014 0.17858999699999992
2.1540000000000017 0.17851999599999988
2.1550000000000016 0.1784499949999999
2.1560000000000015 0.1783799939999999
2.1570000000000014 0.17830999299999992
2.1580000000000017 0.17823999199999987
2.1590000000000016 0.1781699909999999
2.1600000000000015 0.17809998999999993
2.1610000000000014 0.17804998999999996
2.1620000000000017 0.1779999899999999
2.1630000000000016 0.17794998999999995
2.1640000000000015 0.17789998999999995
2.1650000000000014 0.17784998999999996
2.1660000000000017 0.17779998999999994
2.1670000000000016 0.17774998999999994
2.1680000000000015 0.17769998999999995
2.1690000000000014 0.17764998999999995
2.1700000000000017 0.17759998999999993
2.1710000000000016 0.17754998999999994
2.1720000000000015 0.17749998999999994
2.1730000000000014 0.17744998999999992
2.1740000000000017 0.17739998999999995
2.1750000000000016 0.1773499899999999
2.1760000000000015 0.17729998999999994
2.1770000000000014 0.17724998999999994
2.1780000000000017 0.17719998999999992
2.1790000000000016 0.17714998999999992
2.1800000000000015 0.17709998999999996
2.1810000000000014 0.17705998999999994
2.1820000000000017 0.17701998999999993
2.1830000000000016 0.17697998999999995
2.1840000000000015 0.17693998999999994
2.1850000000000014 0.17689998999999998
2.1860000000000017 0.17685998999999997
2.1870000000000016 0.17681998999999993
2.1880000000000015 0.17677998999999997
2.1890000000000014 0.17673998999999996
2.1900000000000017 0.17669998999999995
2.1910000000000016 0.17665998999999996
2.1920000000000015 0.17661998999999995
2.1930000000000014 0.17657998999999996
2.1940000000000017 0.17653998999999995
2.1950000000000016 0.17649998999999994
2.1960000000000015 0.17645998999999996
2.1970000000000014 0.17641998999999994
2.1980000000000017 0.17637998999999993
2.1990000000000016 0.17633998999999995
2.2000000000000015 0.17629999
2.2010000000000014 0.17627999049999998
2.2020000000000017 0.17625999099999998
2.2030000000000016 0.1762399915
2.2040000000000015 0.17621999199999996
2.2050000000000014 0.17619999249999999
2.2060000000000017 0.17617999299999998
2.2070000000000016 0.1761599935
2.2080000000000015 0.17613999399999997
2.2090000000000014 0.1761199945
2.2100000000000017 0.17609999499999998
2.2110000000000016 0.17607999549999998
2.2120000000000015 0.17605999599999997
2.2130000000000014 0.1760399965
2.2140000000000017 0.17601999699999996
2.2150000000000016 0.17599999749999998
2.2160000000000015 0.17597999799999997
2.2170000000000014 0.1759599985
2.2180000000000017 0.17593999899999996
2.2190000000000016 0.17591999949999998
2.2200000000000015 0.17589999999999997
2.2210000000000014 0.17585999999999996
2.2220000000000018 0.17581999999999995
2.2230000000000016 0.17577999999999996
2.2240000000000015 0.17573999999999995
2.2250000000000014 0.17569999999999997
2.2260000000000018 0.17565999999999996
2.2270000000000016 0.17561999999999994
2.2280000000000015 0.17557999999999996
2.2290000000000014 0.17553999999999995
2.2300000000000018 0.17549999999999993
2.2310000000000016 0.17545999999999995
2.2320000000000015 0.17541999999999994
2.2330000000000014 0.17537999999999998
2.2340000000000018 0.17533999999999994
2.2350000000000017 0.17529999999999993
2.2360000000000015 0.17525999999999997
2.2370000000000014 0.17521999999999996
2.2380000000000018 0.17517999999999995
2.2390000000000017 0.17513999999999996
2.2400000000000015 0.17509999999999992
2.2410000000000014 0.17501149999999993
2.2420000000000018 0.17492299999999986
2.2430000000000017 0.17483449999999987
2.2440000000000015 0.17474599999999987
2.2450000000000014 0.17465749999999988
2.2460000000000018 0.17456899999999986
2.2470000000000017 0.17448049999999987
2.2480000000000016 0.17439199999999985
2.2490000000000014 0.17430349999999986
2.2500000000000018 0.17421499999999984
2.2510000000000017 0.17412649999999985
2.2520000000000016 0.17403799999999986
2.2530000000000014 0.17394949999999987
2.254000000000002 0.17386099999999982
2.2550000000000017 0.17377249999999983
2.2560000000000016 0.17368399999999984
2.2570000000000014 0.17359549999999985
2.258000000000002 0.17350699999999983
2.2590000000000017 0.17341849999999984
2.2600000000000016 0.17333
2.2610000000000015 0.1733499995
2.262000000000002 0.17336999900000002
2.2630000000000017 0.17338999850000003
2.2640000000000016 0.173409998
2.2650000000000015 0.17342999750000002
2.266000000000002 0.17344999700000002
2.2670000000000017 0.17346999650000006
2.2680000000000016 0.17348999600000004
2.2690000000000015 0.1735099955
2.270000000000002 0.17352999500000002
2.2710000000000017 0.17354999450000005
2.2720000000000016 0.17356999400000003
2.2730000000000015 0.1735899935
2.274000000000002 0.17360999300000002
2.2750000000000017 0.17362999250000005
2.2760000000000016 0.17364999200000003
2.2770000000000015 0.1736699915
2.278000000000002 0.17368999100000004
2.2790000000000017 0.17370999050000005
2.2800000000000016 0.17372998999999997
2.2810000000000015 0.17370618999999998
2.282000000000002 0.17368238999999996
2.2830000000000017 0.17365858999999997
2.2840000000000016 0.17363478999999996
2.2850000000000015 0.17361098999999997
2.286000000000002 0.17358718999999997
2.2870000000000017 0.17356338999999996
2.2880000000000016 0.17353958999999997
2.2890000000000015 0.17351578999999998
2.290000000000002 0.17349198999999996
2.2910000000000017 0.17346818999999997
2.2920000000000016 0.17344438999999998
2.2930000000000015 0.17342058999999996
2.294000000000002 0.17339678999999997
2.2950000000000017 0.17337298999999995
2.2960000000000016 0.17334918999999996
2.2970000000000015 0.17332538999999997
2.298000000000002 0.17330158999999995
2.2990000000000017 0.17327778999999996
2.3000000000000016 0.17325398999999947
2.3010000000000015 0.17296099099999954
2.302000000000002 0.1726679919999994
2.3030000000000017 0.17237499299999948
2.3040000000000016 0.1720819939999995
2.3050000000000015 0.17178899499999953
2.306000000000002 0.17149599599999943
2.3070000000000017 0.17120299699999947
2.3080000000000016 0.17090999799999948
2.3090000000000015 0.17061699899999952
2.310000000000002 0.17032399999999942
2.3110000000000017 0.17003100099999943
2.3120000000000016 0.1697380019999995
2.3130000000000015 0.1694450029999995
2.314000000000002 0.16915200399999944
2.3150000000000017 0.16885900499999945
2.3160000000000016 0.1685660059999995
2.3170000000000015 0.16827300699999953
2.318000000000002 0.16798000799999943
2.3190000000000017 0.16768700899999944
2.3200000000000016 0.16739400999999993
2.3210000000000015 0.16734920899999992
2.322000000000002 0.16730440799999993
2.3230000000000017 0.16725960699999992
2.3240000000000016 0.16721480599999994
2.3250000000000015 0.16717000499999993
2.326000000000002 0.16712520399999992
2.3270000000000017 0.16708040299999993
2.3280000000000016 0.16703560199999995
2.3290000000000015 0.16699080099999994
2.330000000000002 0.1669459999999999
2.3310000000000017 0.16690119899999992
2.3320000000000016 0.16685639799999993
2.3330000000000015 0.16681159699999995
2.334000000000002 0.16676679599999994
2.3350000000000017 0.16672199499999996
2.3360000000000016 0.16667719399999992
2.3370000000000015 0.16663239299999993
2.338000000000002 0.16658759199999992
2.3390000000000017 0.16654279099999994
2.3400000000000016 0.16649798999999985
2.3410000000000015 0.16639719049999985
2.342000000000002 0.16629639099999982
2.3430000000000017 0.16619559149999982
2.3440000000000016 0.16609479199999985
2.3450000000000015 0.16599399249999983
2.346000000000002 0.16589319299999983
2.3470000000000018 0.1657923934999998
2.3480000000000016 0.16569159399999983
2.3490000000000015 0.16559079449999983
2.350000000000002 0.1654899949999998
2.3510000000000018 0.1653891954999998
2.3520000000000016 0.16528839599999984
2.3530000000000015 0.1651875964999998
2.354000000000002 0.1650867969999998
2.3550000000000018 0.16498599749999981
2.3560000000000016 0.16488519799999982
2.3570000000000015 0.16478439849999982
2.358000000000002 0.16468359899999982
2.3590000000000018 0.1645827994999998
2.3600000000000017 0.16448200000000007
2.3610000000000015 0.16451780000000008
2.362000000000002 0.16455360000000005
2.3630000000000018 0.16458940000000005
2.3640000000000017 0.16462520000000005
2.3650000000000015 0.16466100000000006
2.366000000000002 0.1646968000000001
2.3670000000000018 0.16473260000000006
2.3680000000000017 0.16476840000000006
2.3690000000000015 0.16480420000000007
2.370000000000002 0.1648400000000001
2.3710000000000018 0.16487580000000007
2.3720000000000017 0.16491160000000007
2.3730000000000016 0.16494740000000008
2.374000000000002 0.16498320000000008
2.3750000000000018 0.16501900000000005
2.3760000000000017 0.16505480000000006
2.3770000000000016 0.16509060000000006
2.378000000000002 0.1651264000000001
2.379000000000002 0.16516220000000006
2.3800000000000017 0.16519799999999993
2.3810000000000016 0.16515180049999992
2.382000000000002 0.16510560099999994
2.383000000000002 0.1650594014999999
2.3840000000000017 0.16501320199999991
2.3850000000000016 0.16496700249999993
2.386000000000002 0.1649208029999999
2.387000000000002 0.1648746034999999
2.3880000000000017 0.1648284039999999
2.3890000000000016 0.16478220449999992
2.390000000000002 0.16473600499999988
2.391000000000002 0.1646898054999999
2.3920000000000017 0.16464360599999991
2.3930000000000016 0.16459740649999993
2.394000000000002 0.16455120699999992
2.395000000000002 0.16450500749999994
2.3960000000000017 0.1644588079999999
2.3970000000000016 0.16441260849999992
2.398000000000002 0.1643664089999999
2.399000000000002 0.16432020949999993
2.4000000000000017 0.16427400999999978
6427400999999978
