0.4 0.25094601
0.401 0.25094601
0.402 0.25094601
0.403 0.25094601
0.404 0.25094601
0.405 0.25094601
0.406 0.25094601
0.40700000000000003 0.25094601
0.40800000000000003 0.25094601
0.40900000000000003 0.25094601
0.41000000000000003 0.25094601
0.41100000000000003 0.25094601
0.41200000000000003 0.25094601
0.41300000000000003 0.25094601
0.41400000000000003 0.25094601
0.41500000000000004 0.25094601
0.41600000000000004 0.25094601
0.41700000000000004 0.25094601
0.41800000000000004 0.25094601
0.41900000000000004 0.25094601
0.42000000000000004 0.2509460099999996
0.42100000000000004 0.24317749999999957
0.42200000000000004 0.23540899000000018
0.42300000000000004 0.23863100000000018
0.42400000000000004 0.24185301000000015
0.42500000000000004 0.2442105000000001
0.42600000000000005 0.24656799000000013
0.42700000000000005 0.24927649500000015
0.42800000000000005 0.2519849999999999
0.42900000000000005 0.2506844999999999
0.43000000000000005 0.24938400000000005
0.43100000000000005 0.24986050500000004
0.43200000000000005 0.25033701000000014
0.43300000000000005 0.2524500100000001
0.43400000000000005 0.25456301
0.43500000000000005 0.25434601
0.43600000000000005 0.2541290100000001
0.43700000000000006 0.2558940050000001
0.43800000000000006 0.25765899999999997
0.43900000000000006 0.2574615
0.44000000000000006 0.25726400000000005
0.44100000000000006 0.25804200000000005
0.44200000000000006 0.25882
0.44300000000000006 0.258706
0.44400000000000006 0.2585920000000001
0.44500000000000006 0.2597875050000001
0.44600000000000006 0.26098301
0.44700000000000006 0.26172701000000004
0.44800000000000006 0.26247101000000006
0.44900000000000007 0.26352800500000007
0.45000000000000007 0.264585
0.45100000000000007 0.26446349999999996
0.45200000000000007 0.2643420000000001
0.45300000000000007 0.2657075000000001
0.45400000000000007 0.26707300000000006
0.45500000000000007 0.26754300000000003
0.45600000000000007 0.268013
0.4570000000000001 0.2680795
0.4580000000000001 0.268146
0.4590000000000001 0.26866500000000004
0.4600000000000001 0.26918400000000003
0.4610000000000001 0.269536495
0.4620000000000001 0.26988899
0.4630000000000001 0.270046995
0.4640000000000001 0.27020500000000003
0.4650000000000001 0.27123450000000005
0.4660000000000001 0.27226400000000006
0.4670000000000001 0.2727439950000001
0.4680000000000001 0.27322399
0.4690000000000001 0.27383199500000005
0.4700000000000001 0.2744400000000001
0.4710000000000001 0.274920005
0.4720000000000001 0.27540001000000003
0.4730000000000001 0.2758800050000001
0.4740000000000001 0.2763600000000001
0.4750000000000001 0.2772404950000001
0.4760000000000001 0.27812099
0.4770000000000001 0.27842100000000003
0.4780000000000001 0.2787210100000001
0.4790000000000001 0.2793605050000001
0.4800000000000001 0.2800000000000001
0.4810000000000001 0.2807094950000001
0.4820000000000001 0.28141899000000004
0.4830000000000001 0.2821429900000001
0.4840000000000001 0.2828669900000001
0.4850000000000001 0.2836884950000001
0.4860000000000001 0.2845100000000001
0.4870000000000001 0.2853314950000001
0.4880000000000001 0.28615299000000005
0.4890000000000001 0.28687349000000006
0.4900000000000001 0.2875939900000001
0.4910000000000001 0.2884719900000001
0.4920000000000001 0.2893499900000001
0.4930000000000001 0.29025899500000013
0.4940000000000001 0.2911680000000001
0.4950000000000001 0.2920895000000001
0.4960000000000001 0.2930110000000001
0.4970000000000001 0.2937955000000001
0.4980000000000001 0.29458000000000006
0.4990000000000001 0.2953220000000001
0.5000000000000001 0.2960640000000001
0.5010000000000001 0.2968884950000001
0.5020000000000001 0.2977129900000001
0.5030000000000001 0.2985489900000001
0.5040000000000001 0.2993849900000001
0.5050000000000001 0.30004599500000007
0.5060000000000001 0.30070700000000006
0.5070000000000001 0.30146700000000004
0.5080000000000001 0.3022270000000001
0.5090000000000001 0.3030805000000001
0.5100000000000001 0.3039340000000001
0.5110000000000001 0.3046675000000001
0.5120000000000001 0.30540100000000003
0.5130000000000001 0.3061349950000001
0.5140000000000001 0.30686899000000006
0.5150000000000001 0.30766800000000005
0.5160000000000001 0.30846701000000004
0.5170000000000001 0.3092475050000001
0.5180000000000001 0.3100280000000001
0.5190000000000001 0.3107454950000001
0.5200000000000001 0.3114629900000001
0.5210000000000001 0.3122684950000001
0.5220000000000001 0.3130740000000001
0.5230000000000001 0.3137854950000001
0.5240000000000001 0.3144969900000001
0.5250000000000001 0.31521349500000007
0.5260000000000001 0.31593000000000004
0.5270000000000001 0.31666550500000007
0.5280000000000001 0.31740101000000004
0.5290000000000001 0.3181755050000001
0.5300000000000001 0.31895000000000007
0.5310000000000001 0.3196990000000001
0.5320000000000001 0.32044800000000007
0.5330000000000001 0.3212430000000001
0.5340000000000001 0.3220380000000001
0.5350000000000001 0.32273500500000013
0.5360000000000001 0.3234320100000001
0.5370000000000001 0.3240605000000001
0.5380000000000001 0.32468899000000007
0.5390000000000001 0.3253229900000001
0.5400000000000001 0.3259569900000001
0.5410000000000001 0.3265004900000001
0.5420000000000001 0.3270439900000001
0.5430000000000001 0.32765150000000004
0.5440000000000002 0.3282590100000001
0.5450000000000002 0.3287714950000001
0.5460000000000002 0.3292839800000001
0.5470000000000002 0.3297279900000001
0.5480000000000002 0.3301720000000001
0.5490000000000002 0.3306649950000001
0.5500000000000002 0.3311579900000001
0.5510000000000002 0.3315580000000001
0.5520000000000002 0.3319580100000001
0.5530000000000002 0.33248701
0.5540000000000002 0.33301601000000003
0.5550000000000002 0.33352701
0.5560000000000002 0.3340380100000001
0.5570000000000002 0.33460201500000003
0.5580000000000002 0.33516602000000006
0.5590000000000002 0.33567850500000007
0.5600000000000002 0.3361909900000001
0.5610000000000002 0.33654798500000005
0.5620000000000002 0.3369049800000001
0.5630000000000002 0.33731399500000003
0.5640000000000002 0.33772301000000016
0.5650000000000002 0.3382140000000001
0.5660000000000002 0.3387049900000001
0.5670000000000002 0.3391644900000001
0.5680000000000002 0.3396239900000001
0.5690000000000002 0.3401874950000001
0.5700000000000002 0.34075100000000014
0.5710000000000002 0.34124201000000015
0.5720000000000002 0.34173302000000005
0.5730000000000002 0.3420725050000001
0.5740000000000002 0.34241199000000017
0.5750000000000002 0.3429330050000001
0.5760000000000002 0.3434540200000001
0.5770000000000002 0.343773005
0.5780000000000002 0.3440919900000001
0.5790000000000002 0.3445775050000001
0.5800000000000002 0.3450630200000001
0.5810000000000002 0.34561201000000014
0.5820000000000002 0.3461610000000001
0.5830000000000002 0.34639801000000003
0.5840000000000002 0.34663502000000007
0.5850000000000002 0.3470900150000001
0.5860000000000002 0.34754501000000004
0.5870000000000002 0.3478090100000001
0.5880000000000002 0.34807301000000007
0.5890000000000002 0.3484200100000001
0.5900000000000002 0.34876701000000004
0.5910000000000002 0.34907751000000004
0.5920000000000002 0.34938801
0.5930000000000002 0.34973200000000004
0.5940000000000002 0.35007599000000006
0.5950000000000002 0.35038849000000005
0.5960000000000002 0.35070099000000005
0.5970000000000002 0.35093399000000003
0.5980000000000002 0.35116699000000007
0.5990000000000002 0.35141399500000003
0.6000000000000002 0.35166100000000006
0.6010000000000002 0.35194300000000006
0.6020000000000002 0.352225
0.6030000000000002 0.352484
0.6040000000000002 0.35274300000000003
0.6050000000000002 0.352953495
0.6060000000000002 0.35316399000000004
0.6070000000000002 0.35345749000000004
0.6080000000000002 0.35375099000000004
0.6090000000000002 0.3539575000000001
0.6100000000000002 0.35416401000000003
0.6110000000000002 0.35423151
0.6120000000000002 0.3542990100000001
0.6130000000000002 0.354558505
0.6140000000000002 0.354818
0.6150000000000002 0.3549625
0.6160000000000002 0.35510700000000006
0.6170000000000002 0.35530750000000005
0.6180000000000002 0.3555080000000001
0.6190000000000002 0.35579900500000006
0.6200000000000002 0.35609001
0.6210000000000002 0.356249505
0.6220000000000002 0.35640900000000003
0.6230000000000002 0.35644501000000006
0.6240000000000002 0.3564810200000001
0.6250000000000002 0.35678100500000004
0.6260000000000002 0.35708099
0.6270000000000002 0.357214485
0.6280000000000002 0.35734798000000007
0.6290000000000002 0.3575185000000001
0.6300000000000002 0.35768901999999997
0.6310000000000002 0.3578195
0.6320000000000002 0.35794998
0.6330000000000002 0.35809599
0.6340000000000002 0.35824200000000006
0.6350000000000002 0.358447
0.6360000000000002 0.3586520000000001
0.6370000000000002 0.3589110000000001
0.6380000000000002 0.35917
0.6390000000000002 0.359177
0.6400000000000002 0.359184
0.6410000000000002 0.35931
0.6420000000000002 0.35943600000000003
0.6430000000000002 0.35943251
0.6440000000000002 0.35942902
0.6450000000000002 0.35954200999999997
0.6460000000000002 0.35965500000000006
0.6470000000000002 0.35991800500000004
0.6480000000000002 0.36018101
0.6490000000000002 0.36029951000000005
0.6500000000000002 0.36041801
0.6510000000000002 0.3605735
0.6520000000000002 0.36072898999999997
0.6530000000000002 0.36071649499999997
0.6540000000000002 0.3607040000000001
0.6550000000000002 0.36097650500000006
0.6560000000000002 0.36124901000000004
0.6570000000000003 0.36125
0.6580000000000003 0.36125099
0.6590000000000003 0.36135849
0.6600000000000003 0.36146599000000007
0.6610000000000003 0.36170200500000005
0.6620000000000003 0.36193801999999997
0.6630000000000003 0.36200401499999996
0.6640000000000003 0.36207001000000005
0.6650000000000003 0.3622500050000001
0.6660000000000003 0.36243000000000003
0.6670000000000003 0.36258751000000006
0.6680000000000003 0.36274502
0.6690000000000003 0.362791005
0.6700000000000003 0.36283698999999997
0.6710000000000003 0.36296549
0.6720000000000003 0.3630939900000001
0.6730000000000003 0.36331348500000005
0.6740000000000003 0.36353298
0.6750000000000003 0.36367748000000005
0.6760000000000003 0.36382198000000004
0.6770000000000003 0.36375549
0.6780000000000003 0.363689
0.6790000000000003 0.363845005
0.6800000000000003 0.36400101000000007
0.6810000000000003 0.3642710150000001
0.6820000000000003 0.36454102
0.6830000000000003 0.364442005
0.6840000000000003 0.36434299000000003
0.6850000000000003 0.36447198500000005
0.6860000000000003 0.36460098
0.6870000000000003 0.36466798500000003
0.6880000000000003 0.36473499
0.6890000000000003 0.36479349
0.6900000000000003 0.36485199000000007
0.6910000000000003 0.36504799000000004
0.6920000000000003 0.36524399
0.6930000000000003 0.365224495
0.6940000000000003 0.36520500000000006
0.6950000000000003 0.3654554950000001
0.6960000000000003 0.36570599000000004
0.6970000000000003 0.365723995
0.6980000000000003 0.36574199999999996
0.6990000000000003 0.36576050000000004
0.7000000000000003 0.3657790000000001
0.7010000000000003 0.36590750000000005
0.7020000000000003 0.3660360000000001
0.7030000000000003 0.36629900000000004
0.7040000000000003 0.366562
0.7050000000000003 0.36654199499999995
0.7060000000000003 0.3665219900000001
0.7070000000000003 0.3666765050000001
0.7080000000000003 0.36683102
0.7090000000000003 0.36686901499999997
0.7100000000000003 0.36690701000000003
0.7110000000000003 0.36703051000000003
0.7120000000000003 0.36715401
0.7130000000000003 0.36712200500000003
0.7140000000000003 0.36709
0.7150000000000003 0.367175505
0.7160000000000003 0.36726101000000005
0.7170000000000003 0.36738001000000003
0.7180000000000003 0.36749901
0.7190000000000003 0.36756800000000006
0.7200000000000003 0.3676369900000001
0.7210000000000003 0.3677929900000001
0.7220000000000003 0.36794899000000003
0.7230000000000003 0.367988985
0.7240000000000003 0.36802898
0.7250000000000003 0.36810449500000003
0.7260000000000003 0.36818001
0.7270000000000003 0.368113005
0.7280000000000003 0.368046
0.7290000000000003 0.368062495
0.7300000000000003 0.36807899
0.7310000000000003 0.368139495
0.7320000000000003 0.3682
0.7330000000000003 0.3682535
0.7340000000000003 0.368307
0.7350000000000003 0.36836700499999997
0.7360000000000003 0.36842701
0.7370000000000003 0.36845951
0.7380000000000003 0.36849201
0.7390000000000003 0.368525505
0.7400000000000003 0.36855899999999997
0.7410000000000003 0.368617495
0.7420000000000003 0.36867599
0.7430000000000003 0.36876298500000004
0.7440000000000003 0.36884998
0.7450000000000003 0.36878049500000004
0.7460000000000003 0.36871101
0.7470000000000003 0.36869251
0.7480000000000003 0.36867401
0.7490000000000003 0.36865449999999994
0.7500000000000003 0.36863499
0.7510000000000003 0.36872499500000006
0.7520000000000003 0.368815
0.7530000000000003 0.368735005
0.7540000000000003 0.36865501
0.7550000000000003 0.368689495
0.7560000000000003 0.36872397999999995
0.7570000000000003 0.36878198500000003
0.7580000000000003 0.3688399900000001
0.7590000000000003 0.36898300000000006
0.7600000000000003 0.36912601
0.7610000000000003 0.369118
0.7620000000000003 0.3691099899999999
0.7630000000000003 0.36896249499999995
0.7640000000000003 0.368815
0.7650000000000003 0.3688434950000001
0.7660000000000003 0.36887199000000004
0.7670000000000003 0.368852005
0.7680000000000003 0.36883202
0.7690000000000003 0.36875502
0.7700000000000004 0.36867802000000005
0.7710000000000004 0.36887152000000006
0.7720000000000004 0.36906502
0.7730000000000004 0.36898201
0.7740000000000004 0.368899
0.7750000000000004 0.36886300999999994
0.7760000000000004 0.36882702
0.7770000000000004 0.36884451000000007
0.7780000000000004 0.368862
0.7790000000000004 0.36884001
0.7800000000000004 0.36881802
0.7810000000000004 0.368785515
0.7820000000000004 0.36875301
0.7830000000000004 0.36879150000000005
0.7840000000000004 0.3688299899999999
0.7850000000000004 0.3686514999999999
0.7860000000000004 0.3684730100000001
0.7870000000000004 0.36863201
0.7880000000000004 0.36879101
0.7890000000000004 0.368689995
0.7900000000000004 0.36858897999999995
0.7910000000000004 0.368400495
0.7920000000000004 0.3682120100000001
0.7930000000000004 0.36832349500000006
0.7940000000000004 0.36843497999999997
0.7950000000000004 0.3683529849999999
0.7960000000000004 0.36827098999999996
0.7970000000000004 0.3682614899999999
0.7980000000000004 0.36825199
0.7990000000000004 0.3683115
0.8000000000000004 0.36837100999999994
0.8010000000000004 0.36830400849999995
0.8020000000000004 0.36823700699999995
0.8030000000000004 0.36817000549999995
0.8040000000000004 0.36810300399999996
0.8050000000000004 0.36803600249999996
0.8060000000000004 0.36796900099999996
0.8070000000000004 0.36790199949999997
0.8080000000000004 0.36783499799999997
0.8090000000000004 0.3677679964999999
0.8100000000000004 0.3677009949999999
0.8110000000000004 0.3676339934999999
0.8120000000000004 0.3675669919999999
0.8130000000000004 0.36749999049999993
0.8140000000000004 0.36743298899999993
0.8150000000000004 0.36736598749999994
0.8160000000000004 0.36729898599999994
0.8170000000000004 0.3672319844999999
0.8180000000000004 0.3671649829999999
0.8190000000000004 0.36709798149999995
0.8200000000000004 0.3670309799999999
0.8210000000000004 0.36694842999999994
0.8220000000000004 0.3668658799999999
0.8230000000000004 0.36678332999999996
0.8240000000000004 0.36670077999999995
0.8250000000000004 0.36661822999999993
0.8260000000000004 0.3665356799999999
0.8270000000000004 0.36645312999999996
0.8280000000000004 0.36637057999999995
0.8290000000000004 0.36628803
0.8300000000000004 0.3662054799999999
0.8310000000000004 0.36612292999999996
0.8320000000000004 0.36604037999999994
0.8330000000000004 0.36595783
0.8340000000000004 0.36587527999999997
0.8350000000000004 0.36579272999999995
0.8360000000000004 0.36571017999999994
0.8370000000000004 0.36562763
0.8380000000000004 0.36554507999999997
0.8390000000000004 0.36546253
0.8400000000000004 0.36537997999999994
0.8410000000000004 0.3652781315
0.8420000000000004 0.365176283
0.8430000000000004 0.3650744345
0.8440000000000004 0.36497258599999993
0.8450000000000004 0.3648707375
0.8460000000000004 0.364768889
0.8470000000000004 0.3646670405
0.8480000000000004 0.3645651919999999
0.8490000000000004 0.3644633435
0.8500000000000004 0.364361495
0.8510000000000004 0.3642596465
0.8520000000000004 0.364157798
0.8530000000000004 0.36405594950000003
0.8540000000000004 0.363954101
0.8550000000000004 0.3638522525
0.8560000000000004 0.36375040399999997
0.8570000000000004 0.3636485555
0.8580000000000004 0.363546707
0.8590000000000004 0.36344485849999997
0.8600000000000004 0.36334300999999997
0.8610000000000004 0.36324180999999994
0.8620000000000004 0.36314061
0.8630000000000004 0.36303941
0.8640000000000004 0.36293821000000004
0.8650000000000004 0.36283701
0.8660000000000004 0.36273581
0.8670000000000004 0.36263460999999997
0.8680000000000004 0.36253341
0.8690000000000004 0.36243221
0.8700000000000004 0.36233100999999995
0.8710000000000004 0.36222981
0.8720000000000004 0.36212860999999996
0.8730000000000004 0.36202740999999994
0.8740000000000004 0.36192620999999997
0.8750000000000004 0.36182500999999995
0.8760000000000004 0.3617238099999999
0.8770000000000004 0.36162260999999996
0.8780000000000004 0.36152140999999993
0.8790000000000004 0.3614202099999999
0.8800000000000004 0.36131900999999994
0.8810000000000004 0.36121615999999995
0.8820000000000005 0.3611133099999999
0.8830000000000005 0.36101046
0.8840000000000005 0.36090760999999993
0.8850000000000005 0.36080475999999995
0.8860000000000005 0.36070190999999996
0.8870000000000005 0.36059905999999997
0.8880000000000005 0.36049620999999993
0.8890000000000005 0.36039335999999994
0.8900000000000005 0.36029050999999995
0.8910000000000005 0.3601876599999999
0.8920000000000005 0.36008481
0.8930000000000005 0.35998195999999993
0.8940000000000005 0.35987910999999995
0.8950000000000005 0.35977625999999996
0.8960000000000005 0.35967340999999997
0.8970000000000005 0.35957055999999993
0.8980000000000005 0.3594677099999999
0.8990000000000005 0.35936485999999995
0.9000000000000005 0.3592620099999999
0.9010000000000005 0.35916471049999993
0.9020000000000005 0.359067411
0.9030000000000005 0.35897011149999997
0.9040000000000005 0.358872812
0.9050000000000005 0.35877551249999995
0.9060000000000005 0.35867821299999997
0.9070000000000005 0.35858091349999993
0.9080000000000005 0.35848361399999995
0.9090000000000005 0.3583863144999999
0.9100000000000005 0.35828901499999993
0.9110000000000005 0.35819171549999995
0.9120000000000005 0.35809441599999997
0.9130000000000005 0.3579971165
0.9140000000000005 0.357899817
0.9150000000000005 0.3578025175
0.9160000000000005 0.357705218
0.9170000000000005 0.35760791849999995
0.9180000000000005 0.357510619
0.9190000000000005 0.35741331949999994
0.9200000000000005 0.35731601999999996
0.9210000000000005 0.35723246849999996
0.9220000000000005 0.35714891699999995
0.9230000000000005 0.35706536549999995
0.9240000000000005 0.35698181399999995
0.9250000000000005 0.35689826249999995
0.9260000000000005 0.35681471099999995
0.9270000000000005 0.35673115949999995
0.9280000000000005 0.35664760799999995
0.9290000000000005 0.35656405649999995
0.9300000000000005 0.35648050499999995
0.9310000000000005 0.35639695349999995
0.9320000000000005 0.35631340199999995
0.9330000000000005 0.35622985049999994
0.9340000000000005 0.35614629899999994
0.9350000000000005 0.3560627475
0.9360000000000005 0.355979196
0.9370000000000005 0.3558956445
0.9380000000000005 0.3558120929999999
0.9390000000000005 0.3557285414999999
0.9400000000000005 0.3556449899999999
0.9410000000000005 0.35555414099999993
0.9420000000000005 0.35546329199999993
0.9430000000000005 0.3553724429999999
0.9440000000000005 0.3552815939999999
0.9450000000000005 0.355190745
0.9460000000000005 0.3550998959999999
0.9470000000000005 0.3550090469999999
0.9480000000000005 0.35491819799999996
0.9490000000000005 0.35482734899999996
0.9500000000000005 0.3547364999999999
0.9510000000000005 0.35464565099999995
0.9520000000000005 0.35455480199999995
0.9530000000000005 0.35446395299999994
0.9540000000000005 0.35437310399999994
0.9550000000000005 0.354282255
0.9560000000000005 0.35419140599999993
0.9570000000000005 0.3541005569999999
0.9580000000000005 0.354009708
0.9590000000000005 0.353918859
0.9600000000000005 0.3538280099999999
0.9610000000000005 0.35374731
0.9620000000000005 0.35366660999999994
0.9630000000000005 0.35358590999999995
0.9640000000000005 0.35350520999999996
0.9650000000000005 0.35342450999999997
0.9660000000000005 0.3533438099999999
0.9670000000000005 0.35326311
0.9680000000000005 0.35318240999999995
0.9690000000000005 0.35310170999999996
0.9700000000000005 0.3530210099999999
0.9710000000000005 0.35294031
0.9720000000000005 0.35285960999999993
0.9730000000000005 0.35277890999999995
0.9740000000000005 0.35269820999999996
0.9750000000000005 0.35261750999999997
0.9760000000000005 0.3525368099999999
0.9770000000000005 0.35245611
0.9780000000000005 0.35237540999999994
0.9790000000000005 0.35229470999999996
0.9800000000000005 0.3522140099999999
0.9810000000000005 0.3521197605
0.9820000000000005 0.35202551099999996
0.9830000000000005 0.3519312615
0.9840000000000005 0.35183701199999995
0.9850000000000005 0.3517427625
0.9860000000000005 0.35164851299999994
0.9870000000000005 0.3515542634999999
0.9880000000000005 0.35146001399999993
0.9890000000000005 0.3513657644999999
0.9900000000000005 0.351271515
0.9910000000000005 0.35117726549999995
0.9920000000000005 0.35108301599999997
0.9930000000000005 0.35098876649999994
0.9940000000000005 0.35089451699999996
0.9950000000000006 0.35080026749999993
0.9960000000000006 0.3507060179999999
0.9970000000000006 0.3506117685
0.9980000000000006 0.35051751899999994
0.9990000000000006 0.35042326949999997
1.0000000000000004 0.35032901999999994
1.0010000000000006 0.3502441695
1.0020000000000007 0.3501593189999999
1.0030000000000006 0.35007446849999996
1.0040000000000004 0.34998961799999995
1.0050000000000006 0.34990476749999994
1.0060000000000007 0.3498199169999999
1.0070000000000006 0.34973506649999997
1.0080000000000005 0.3496502159999999
1.0090000000000006 0.34956536549999995
1.0100000000000007 0.34948051499999994
1.0110000000000006 0.3493956644999999
1.0120000000000005 0.34931081399999997
1.0130000000000006 0.3492259634999999
1.0140000000000007 0.34914111299999995
1.0150000000000006 0.3490562624999999
1.0160000000000005 0.3489714119999999
1.0170000000000006 0.34888656149999997
1.0180000000000007 0.3488017109999999
1.0190000000000006 0.34871686049999995
1.0200000000000005 0.34863201
1.0210000000000006 0.3485644594999999
1.0220000000000007 0.3484969089999999
1.0230000000000006 0.34842935849999995
1.0240000000000005 0.34836180799999994
1.0250000000000006 0.3482942574999999
1.0260000000000007 0.3482267069999999
1.0270000000000006 0.34815915649999996
1.0280000000000005 0.3480916059999999
1.0290000000000006 0.3480240555
1.0300000000000007 0.3479565049999999
1.0310000000000006 0.3478889544999999
1.0320000000000005 0.34782140399999995
1.0330000000000006 0.34775385349999993
1.0340000000000007 0.3476863029999999
1.0350000000000006 0.34761875249999996
1.0360000000000005 0.34755120199999995
1.0370000000000006 0.34748365149999993
1.0380000000000007 0.347416101
1.0390000000000006 0.3473485504999999
1.0400000000000005 0.34728099999999995
1.0410000000000006 0.3472327495
1.0420000000000007 0.347184499
1.0430000000000006 0.34713624849999997
1.0440000000000005 0.34708799799999995
1.0450000000000006 0.34703974749999994
1.0460000000000007 0.3469914969999999
1.0470000000000006 0.34694324649999997
1.0480000000000005 0.34689499599999996
1.0490000000000006 0.34684674549999994
1.0500000000000007 0.346798495
1.0510000000000006 0.34675024449999997
1.0520000000000005 0.34670199399999996
1.0530000000000006 0.3466537435
1.0540000000000007 0.346605493
1.0550000000000006 0.3465572425
1.0560000000000005 0.34650899199999996
1.0570000000000006 0.34646074149999995
1.0580000000000007 0.34641249099999993
1.0590000000000006 0.3463642405
1.0600000000000005 0.34631599
1.0610000000000006 0.346286541
1.0620000000000007 0.34625709200000004
1.0630000000000006 0.346227643
1.0640000000000005 0.34619819399999996
1.0650000000000006 0.346168745
1.0660000000000007 0.346139296
1.0670000000000006 0.346109847
1.0680000000000005 0.346080398
1.0690000000000006 0.346050949
1.0700000000000007 0.34602150000000004
1.0710000000000006 0.34599205099999997
1.0720000000000005 0.345962602
1.0730000000000006 0.345933153
1.0740000000000007 0.345903704
1.0750000000000006 0.345874255
1.0760000000000005 0.345844806
1.0770000000000006 0.34581535700000005
1.0780000000000007 0.34578590800000003
1.0790000000000006 0.34575645899999996
1.0800000000000005 0.34572701
1.0810000000000006 0.34570700950000005
1.0820000000000007 0.34568700900000005
1.0830000000000006 0.34566700850000004
1.0840000000000005 0.345647008
1.0850000000000006 0.34562700749999997
1.0860000000000007 0.34560700699999997
1.0870000000000006 0.34558700649999996
1.0880000000000005 0.345567006
1.0890000000000006 0.3455470055
1.0900000000000007 0.345527005
1.0910000000000006 0.3455070045
1.0920000000000005 0.345487004
1.0930000000000006 0.34546700350000004
1.0940000000000007 0.345447003
1.0950000000000006 0.34542700249999997
1.0960000000000005 0.34540700199999996
1.0970000000000006 0.34538700149999996
1.0980000000000008 0.34536700099999995
1.0990000000000006 0.3453470005
1.1000000000000005 0.345327
1.1010000000000006 0.34531150050000003
1.1020000000000008 0.34529600099999996
1.1030000000000006 0.3452805015
1.1040000000000005 0.345265002
1.1050000000000006 0.34524950249999997
1.1060000000000008 0.345234003
1.1070000000000007 0.34521850349999994
1.1080000000000005 0.345203004
1.1090000000000007 0.34518750449999996
1.1100000000000008 0.34517200499999995
1.1110000000000007 0.3451565055
1.1120000000000005 0.345141006
1.1130000000000007 0.34512550649999996
1.1140000000000008 0.34511000699999994
1.1150000000000007 0.3450945075
1.1160000000000005 0.34507900799999996
1.1170000000000007 0.34506350849999995
1.1180000000000008 0.345048009
1.1190000000000007 0.3450325095
1.1200000000000006 0.34501700999999996
1.1210000000000007 0.34496485949999994
1.1220000000000008 0.344912709
1.1230000000000007 0.3448605584999999
1.1240000000000006 0.34480840799999996
1.1250000000000007 0.34475625749999994
1.1260000000000008 0.3447041069999999
1.1270000000000007 0.3446519564999999
1.1280000000000006 0.34459980599999995
1.1290000000000007 0.3445476554999999
1.1300000000000008 0.3444955049999999
1.1310000000000007 0.34444335449999997
1.1320000000000006 0.34439120399999995
1.1330000000000007 0.34433905349999994
1.1340000000000008 0.3442869029999999
1.1350000000000007 0.34423475249999996
1.1360000000000006 0.3441826019999999
1.1370000000000007 0.34413045149999993
1.1380000000000008 0.3440783009999999
1.1390000000000007 0.34402615049999996
1.1400000000000006 0.343974
1.1410000000000007 0.34396305
1.1420000000000008 0.3439521
1.1430000000000007 0.34394115
1.1440000000000006 0.3439302
1.1450000000000007 0.34391925
1.1460000000000008 0.3439083
1.1470000000000007 0.34389735
1.1480000000000006 0.3438863999999999
1.1490000000000007 0.34387544999999997
1.1500000000000008 0.34386449999999996
1.1510000000000007 0.34385354999999995
1.1520000000000006 0.3438426
1.1530000000000007 0.34383165
1.1540000000000008 0.3438207
1.1550000000000007 0.34380974999999997
1.1560000000000006 0.3437988
1.1570000000000007 0.34378785
1.1580000000000008 0.3437769
1.1590000000000007 0.34376595000000004
1.1600000000000006 0.34375500000000003
1.1610000000000007 0.34374280050000006
1.1620000000000008 0.343730601
1.1630000000000007 0.34371840150000005
1.1640000000000006 0.34370620199999996
1.1650000000000007 0.3436940025
1.1660000000000008 0.343681803
1.1670000000000007 0.3436696035
1.1680000000000006 0.343657404
1.1690000000000007 0.3436452045
1.1700000000000008 0.343633005
1.1710000000000007 0.3436208055
1.1720000000000006 0.34360860600000004
1.1730000000000007 0.3435964065
1.1740000000000008 0.343584207
1.1750000000000007 0.34357200749999994
1.1760000000000006 0.34355980799999997
1.1770000000000007 0.3435476085
1.1780000000000008 0.343535409
1.1790000000000007 0.3435232095
1.1800000000000006 0.34351101
1.1810000000000007 0.34346641049999993
1.1820000000000008 0.34342181099999997
1.1830000000000007 0.34337721149999995
1.1840000000000006 0.343332612
1.1850000000000007 0.34328801249999996
1.1860000000000008 0.34324341299999994
1.1870000000000007 0.3431988135
1.1880000000000006 0.34315421399999996
1.1890000000000007 0.34310961449999994
1.1900000000000008 0.343065015
1.1910000000000007 0.3430204155
1.1920000000000006 0.34297581599999993
1.1930000000000007 0.34293121649999997
1.1940000000000008 0.342886617
1.1950000000000007 0.34284201749999993
1.1960000000000006 0.34279741799999996
1.1970000000000007 0.3427528185
1.1980000000000008 0.3427082189999999
1.1990000000000007 0.34266361949999996
1.2000000000000006 0.34261902
1.2010000000000007 0.34258876949999995
1.2020000000000008 0.34255851899999995
1.2030000000000007 0.34252826849999995
1.2040000000000006 0.342498018
1.2050000000000007 0.34246776749999996
1.2060000000000008 0.34243751699999997
1.2070000000000007 0.3424072665
1.2080000000000006 0.3423770159999999
1.2090000000000007 0.3423467655
1.2100000000000009 0.342316515
1.2110000000000007 0.34228626449999994
1.2120000000000006 0.34225601399999994
1.2130000000000007 0.34222576349999995
1.2140000000000009 0.3421955129999999
1.2150000000000007 0.34216526249999996
1.2160000000000006 0.34213501199999996
1.2170000000000007 0.34210476149999997
1.2180000000000009 0.3420745109999999
1.2190000000000007 0.3420442605
1.2200000000000006 0.34201401
1.2210000000000008 0.34201030949999994
1.2220000000000009 0.34200660899999996
1.2230000000000008 0.3420029084999999
1.2240000000000006 0.341999208
1.2250000000000008 0.3419955075
1.2260000000000009 0.341991807
1.2270000000000008 0.3419881065
1.2280000000000006 0.34198440599999996
1.2290000000000008 0.3419807055
1.2300000000000009 0.34197700499999995
1.2310000000000008 0.3419733045
1.2320000000000007 0.34196960400000004
1.2330000000000008 0.3419659035
1.2340000000000009 0.341962203
1.2350000000000008 0.3419585025
1.2360000000000007 0.341954802
1.2370000000000008 0.3419511015000001
1.2380000000000009 0.34194740100000004
1.2390000000000008 0.34194370050000006
1.2400000000000007 0.34194
1.2410000000000008 0.3419160495
1.2420000000000009 0.341892099
1.2430000000000008 0.34186814849999997
1.2440000000000007 0.341844198
1.2450000000000008 0.34182024749999995
1.2460000000000009 0.34179629699999997
1.2470000000000008 0.34177234650000005
1.2480000000000007 0.341748396
1.2490000000000008 0.34172444550000003
1.2500000000000009 0.341700495
1.2510000000000008 0.3416765445
1.2520000000000007 0.341652594
1.2530000000000008 0.3416286435
1.254000000000001 0.34160469299999996
1.2550000000000008 0.3415807425
1.2560000000000007 0.341556792
1.2570000000000008 0.34153284149999996
1.258000000000001 0.341508891
1.2590000000000008 0.34148494049999994
1.2600000000000007 0.34146099
1.2610000000000008 0.34144138999999996
1.262000000000001 0.34142179
1.2630000000000008 0.34140218999999994
1.2640000000000007 0.34138259
1.2650000000000008 0.34136299000000003
1.266000000000001 0.34134338999999997
1.2670000000000008 0.34132379
1.2680000000000007 0.34130418999999995
1.2690000000000008 0.34128459
1.270000000000001 0.34126498999999993
1.2710000000000008 0.34124539
1.2720000000000007 0.34122579
1.2730000000000008 0.34120618999999996
1.274000000000001 0.34118658999999996
1.2750000000000008 0.34116698999999995
1.2760000000000007 0.34114739
1.2770000000000008 0.34112779
1.278000000000001 0.34110819
1.2790000000000008 0.34108858999999997
1.2800000000000007 0.34106898999999996
1.2810000000000008 0.34103629049999995
1.282000000000001 0.341003591
1.2830000000000008 0.34097089149999993
1.2840000000000007 0.340938192
1.2850000000000008 0.34090549249999996
1.286000000000001 0.340872793
1.2870000000000008 0.34084009349999994
1.2880000000000007 0.340807394
1.2890000000000008 0.3407746945
1.290000000000001 0.34074199499999996
1.2910000000000008 0.34070929549999995
1.2920000000000007 0.340676596
1.2930000000000008 0.34064389649999993
1.294000000000001 0.340611197
1.2950000000000008 0.34057849749999997
1.2960000000000007 0.340545798
1.2970000000000008 0.34051309849999994
1.298000000000001 0.340480399
1.2990000000000008 0.3404476995
1.3000000000000007 0.34041499999999997
1.3010000000000008 0.3404023505
1.302000000000001 0.340389701
1.3030000000000008 0.3403770515
1.3040000000000007 0.340364402
1.3050000000000008 0.3403517525
1.306000000000001 0.34033910300000003
1.3070000000000008 0.3403264535
1.3080000000000007 0.34031380399999994
1.3090000000000008 0.3403011545
1.310000000000001 0.34028850499999996
1.3110000000000008 0.3402758555
1.3120000000000007 0.340263206
1.3130000000000008 0.34025055649999997
1.314000000000001 0.340237907
1.3150000000000008 0.3402252575
1.3160000000000007 0.340212608
1.3170000000000008 0.3401999585
1.318000000000001 0.340187309
1.3190000000000008 0.34017465950000003
1.3200000000000007 0.34016201
1.3210000000000008 0.340154909
1.322000000000001 0.34014780800000005
1.3230000000000008 0.340140707
1.3240000000000007 0.340133606
1.3250000000000008 0.34012650499999997
1.326000000000001 0.340119404
1.3270000000000008 0.340112303
1.3280000000000007 0.340105202
1.3290000000000008 0.34009810100000004
1.330000000000001 0.340091
1.3310000000000008 0.34008389899999997
1.3320000000000007 0.34007679799999996
1.3330000000000009 0.340069697
1.334000000000001 0.340062596
1.3350000000000009 0.340055495
1.3360000000000007 0.34004839400000003
1.3370000000000009 0.34004129299999997
1.338000000000001 0.34003419199999996
1.3390000000000009 0.34002709099999995
1.3400000000000007 0.3400199899999999
1.3410000000000009 0.3399590404999999
1.342000000000001 0.33989809099999996
1.3430000000000009 0.3398371414999999
1.3440000000000007 0.3397761919999999
1.3450000000000009 0.33971524249999996
1.346000000000001 0.3396542929999999
1.3470000000000009 0.3395933434999999
1.3480000000000008 0.33953239399999996
1.3490000000000009 0.33947144449999994
1.350000000000001 0.3394104949999999
1.3510000000000009 0.33934954549999996
1.3520000000000008 0.33928859599999994
1.3530000000000009 0.3392276464999999
1.354000000000001 0.3391666969999999
1.3550000000000009 0.33910574749999994
1.3560000000000008 0.339044798
1.3570000000000009 0.3389838484999999
1.358000000000001 0.33892289899999994
1.3590000000000009 0.3388619495
1.3600000000000008 0.3388009999999999
1.3610000000000009 0.33871445049999993
1.362000000000001 0.3386279009999999
1.3630000000000009 0.3385413514999999
1.3640000000000008 0.3384548019999999
1.3650000000000009 0.3383682524999999
1.366000000000001 0.3382817029999999
1.3670000000000009 0.3381951534999999
1.3680000000000008 0.33810860399999987
1.3690000000000009 0.3380220544999999
1.370000000000001 0.33793550499999986
1.3710000000000009 0.3378489554999999
1.3720000000000008 0.33776240599999996
1.3730000000000009 0.3376758564999999
1.374000000000001 0.33758930699999984
1.3750000000000009 0.3375027574999999
1.3760000000000008 0.33741620799999994
1.377000000000001 0.3373296584999999
1.378000000000001 0.33724310899999993
1.379000000000001 0.3371565594999999
1.3800000000000008 0.33707000999999986
1.381000000000001 0.33690425949999986
1.382000000000001 0.33673850899999985
1.383000000000001 0.33657275849999985
1.3840000000000008 0.33640700799999984
1.385000000000001 0.33624125749999983
1.386000000000001 0.33607550699999983
1.387000000000001 0.3359097564999998
1.3880000000000008 0.3357440059999998
1.389000000000001 0.3355782554999998
1.390000000000001 0.3354125049999998
1.391000000000001 0.3352467544999998
1.3920000000000008 0.3350810039999999
1.393000000000001 0.33491525349999984
1.394000000000001 0.33474950299999984
1.395000000000001 0.33458375249999983
1.3960000000000008 0.3344180019999999
1.397000000000001 0.3342522514999999
1.398000000000001 0.3340865009999998
1.399000000000001 0.33392075049999986
1.4000000000000008 0.33375499999999986
1.4010000000000007 0.33356905049999985
1.402000000000001 0.3333831009999998
1.403000000000001 0.33319715149999984
1.4040000000000008 0.33301120199999984
1.4050000000000007 0.33282525249999984
1.406000000000001 0.33263930299999983
1.407000000000001 0.3324533534999998
1.4080000000000008 0.3322674039999998
1.4090000000000007 0.3320814544999999
1.410000000000001 0.3318955049999998
1.411000000000001 0.3317095554999998
1.4120000000000008 0.33152360599999986
1.4130000000000007 0.33133765649999986
1.414000000000001 0.3311517069999998
1.415000000000001 0.33096575749999985
1.4160000000000008 0.33077980799999984
1.4170000000000007 0.3305938584999999
1.418000000000001 0.33040790899999983
1.419000000000001 0.33022195949999983
1.4200000000000008 0.33003601000000005
1.4210000000000007 0.33003210950000006
1.422000000000001 0.330028209
1.423000000000001 0.33002430850000003
1.4240000000000008 0.33002040800000004
1.4250000000000007 0.33001650750000006
1.426000000000001 0.330012607
1.427000000000001 0.3300087065
1.4280000000000008 0.33000480600000004
1.4290000000000007 0.33000090550000005
1.430000000000001 0.329997005
1.431000000000001 0.3299931045
1.4320000000000008 0.32998920400000004
1.4330000000000007 0.32998530350000005
1.434000000000001 0.329981403
1.435000000000001 0.3299775025
1.4360000000000008 0.32997360200000003
1.4370000000000007 0.32996970150000005
1.438000000000001 0.329965801
1.439000000000001 0.3299619005
1.4400000000000008 0.3299580000000001
1.4410000000000007 0.33000455100000003
1.442000000000001 0.33005110200000004
1.443000000000001 0.33009765300000005
1.4440000000000008 0.33014420400000005
1.4450000000000007 0.33019075500000006
1.446000000000001 0.33023730600000006
1.447000000000001 0.33028385700000007
1.4480000000000008 0.330330408
1.4490000000000007 0.330376959
1.450000000000001 0.33042351000000003
1.451000000000001 0.33047006100000004
1.4520000000000008 0.33051661200000004
1.4530000000000007 0.33056316300000005
1.454000000000001 0.33060971400000005
1.455000000000001 0.330656265
1.4560000000000008 0.330702816
1.4570000000000007 0.330749367
1.458000000000001 0.330795918
1.459000000000001 0.33084246900000003
1.4600000000000009 0.33088902000000003
1.4610000000000007 0.3309499195
1.462000000000001 0.33101081900000007
1.463000000000001 0.33107171850000006
1.4640000000000009 0.33113261800000005
1.4650000000000007 0.3311935175
1.466000000000001 0.331254417
1.467000000000001 0.33131531650000007
1.4680000000000009 0.331376216
1.4690000000000007 0.33143711550000005
1.470000000000001 0.33149801500000003
1.471000000000001 0.3315589145000001
1.4720000000000009 0.331619814
1.4730000000000008 0.33168071350000006
1.474000000000001 0.3317416130000001
1.475000000000001 0.33180251250000004
1.4760000000000009 0.3318634120000001
1.4770000000000008 0.33192431150000007
1.478000000000001 0.33198521100000006
1.479000000000001 0.33204611050000005
1.4800000000000009 0.3321070100000001
1.4810000000000008 0.33216181000000006
1.482000000000001 0.33221661
1.483000000000001 0.33227141000000004
1.4840000000000009 0.33232621
1.4850000000000008 0.3323810100000001
1.486000000000001 0.33243581000000005
1.487000000000001 0.33249061
1.4880000000000009 0.33254541000000004
1.4890000000000008 0.33260021
1.490000000000001 0.3326550100000001
1.491000000000001 0.33270981000000005
1.4920000000000009 0.33276461000000007
1.4930000000000008 0.33281941000000004
1.494000000000001 0.3328742100000001
1.495000000000001 0.3329290100000001
1.4960000000000009 0.33298381000000005
1.4970000000000008 0.33303861000000007
1.498000000000001 0.33309341000000003
1.499000000000001 0.3331482100000001
1.5000000000000009 0.3332030100000001
1.5010000000000008 0.33324566050000004
1.5020000000000011 0.333288311
1.503000000000001 0.3333309615
1.504000000000001 0.33337361200000004
1.5050000000000008 0.33341626250000006
1.5060000000000011 0.3334589130000001
1.507000000000001 0.33350156350000004
1.508000000000001 0.33354421400000006
1.5090000000000008 0.3335868645000001
1.5100000000000011 0.3336295150000001
1.511000000000001 0.3336721655000001
1.512000000000001 0.333714816
1.5130000000000008 0.33375746650000004
1.5140000000000011 0.33380011700000006
1.515000000000001 0.3338427675
1.516000000000001 0.33388541800000004
1.5170000000000008 0.33392806850000006
1.5180000000000011 0.3339707190000001
1.519000000000001 0.3340133695000001
1.520000000000001 0.33405602
1.5210000000000008 0.33407191950000004
1.5220000000000011 0.334087819
1.523000000000001 0.33410371850000004
1.524000000000001 0.334119618
1.5250000000000008 0.33413551750000003
1.5260000000000011 0.33415141700000006
1.527000000000001 0.33416731650000003
1.528000000000001 0.33418321600000006
1.5290000000000008 0.33419911550000003
1.5300000000000011 0.33421501500000006
1.531000000000001 0.33423091450000003
1.532000000000001 0.33424681400000006
1.5330000000000008 0.33426271350000003
1.5340000000000011 0.33427861300000006
1.535000000000001 0.3342945125
1.536000000000001 0.334310412
1.5370000000000008 0.3343263115000001
1.5380000000000011 0.334342211
1.539000000000001 0.3343581105
1.540000000000001 0.33437401
1.5410000000000008 0.33436970899999996
1.5420000000000011 0.33436540800000003
1.543000000000001 0.334361107
1.544000000000001 0.33435680599999995
1.5450000000000008 0.334352505
1.5460000000000012 0.334348204
1.547000000000001 0.33434390299999994
1.548000000000001 0.334339602
1.5490000000000008 0.334335301
1.5500000000000012 0.33433099999999993
1.551000000000001 0.334326699
1.552000000000001 0.33432239799999997
1.5530000000000008 0.33431809700000004
1.5540000000000012 0.334313796
1.555000000000001 0.33430949499999996
1.556000000000001 0.334305194
1.5570000000000008 0.334300893
1.5580000000000012 0.33429659199999995
1.559000000000001 0.334292291
1.560000000000001 0.33428799
1.5610000000000008 0.33428539
1.5620000000000012 0.33428278999999994
1.563000000000001 0.33428019
1.564000000000001 0.33427759
1.5650000000000008 0.33427499
1.5660000000000012 0.33427239
1.567000000000001 0.33426979
1.568000000000001 0.33426719
1.5690000000000008 0.33426459000000003
1.5700000000000012 0.33426198999999995
1.571000000000001 0.33425939
1.572000000000001 0.33425679
1.5730000000000008 0.33425419
1.5740000000000012 0.33425159
1.575000000000001 0.33424899
1.576000000000001 0.33424639
1.5770000000000008 0.33424379000000004
1.5780000000000012 0.33424119
1.579000000000001 0.33423859
1.580000000000001 0.33423599000000004
1.5810000000000008 0.33423369
1.5820000000000012 0.33423139
1.583000000000001 0.33422909000000006
1.584000000000001 0.33422679
1.5850000000000009 0.33422449
1.5860000000000012 0.33422219
1.587000000000001 0.33421989
1.588000000000001 0.33421759
1.5890000000000009 0.33421529
1.5900000000000012 0.33421299
1.591000000000001 0.33421069000000003
1.592000000000001 0.33420839
1.5930000000000009 0.33420609
1.5940000000000012 0.33420378999999995
1.595000000000001 0.33420149000000005
1.596000000000001 0.33419919
1.5970000000000009 0.33419688999999997
1.5980000000000012 0.33419458999999996
1.599000000000001 0.33419229
1.600000000000001 0.33418999
1.6010000000000009 0.33417144099999996
1.6020000000000012 0.334152892
1.603000000000001 0.334134343
1.604000000000001 0.334115794
1.6050000000000009 0.33409724499999993
1.6060000000000012 0.33407869599999995
1.607000000000001 0.334060147
1.608000000000001 0.33404159799999994
1.6090000000000009 0.33402304899999996
1.6100000000000012 0.3340045
1.611000000000001 0.33398595099999995
1.612000000000001 0.33396740199999997
1.6130000000000009 0.333948853
1.6140000000000012 0.333930304
1.615000000000001 0.333911755
1.616000000000001 0.333893206
1.6170000000000009 0.333874657
1.6180000000000012 0.33385610799999993
1.619000000000001 0.33383755899999995
1.620000000000001 0.33381900999999997
1.6210000000000009 0.33378370849999994
1.6220000000000012 0.3337484069999999
1.623000000000001 0.3337131055
1.624000000000001 0.3336778039999999
1.6250000000000009 0.3336425025
1.6260000000000012 0.33360720099999996
1.6270000000000011 0.3335718995
1.628000000000001 0.33353659799999996
1.629000000000001 0.3335012965
1.6300000000000012 0.33346599499999996
1.6310000000000011 0.33343069349999993
1.632000000000001 0.33339539199999996
1.633000000000001 0.33336009049999993
1.6340000000000012 0.33332478899999995
1.6350000000000011 0.3332894874999999
1.636000000000001 0.333254186
1.637000000000001 0.3332188845
1.6380000000000012 0.33318358299999995
1.6390000000000011 0.3331482815
1.640000000000001 0.33311298
1.641000000000001 0.33309852999999995
1.6420000000000012 0.33308408
1.6430000000000011 0.33306962999999995
1.644000000000001 0.33305518
1.645000000000001 0.33304073
1.6460000000000012 0.33302628
1.6470000000000011 0.33301183
1.648000000000001 0.33299737999999995
1.649000000000001 0.33298293
1.6500000000000012 0.33296847999999996
1.6510000000000011 0.33295403
1.652000000000001 0.33293957999999996
1.653000000000001 0.33292513
1.6540000000000012 0.33291067999999996
1.6550000000000011 0.33289623
1.656000000000001 0.33288178
1.657000000000001 0.33286732999999996
1.6580000000000013 0.33285288
1.6590000000000011 0.33283842999999996
1.660000000000001 0.33282398
1.661000000000001 0.3328175315
1.6620000000000013 0.332811083
1.6630000000000011 0.3328046345
1.664000000000001 0.332798186
1.665000000000001 0.33279173749999996
1.6660000000000013 0.332785289
1.6670000000000011 0.33277884049999995
1.668000000000001 0.332772392
1.669000000000001 0.33276594349999994
1.6700000000000013 0.33275949499999996
1.6710000000000012 0.3327530464999999
1.672000000000001 0.33274659799999995
1.673000000000001 0.3327401495
1.6740000000000013 0.332733701
1.6750000000000012 0.3327272525
1.676000000000001 0.332720804
1.677000000000001 0.3327143555
1.6780000000000013 0.33270790699999997
1.6790000000000012 0.3327014585
1.680000000000001 0.3326950099999999
1.681000000000001 0.33266165999999997
1.6820000000000013 0.3326283099999999
1.6830000000000012 0.33259495999999994
1.684000000000001 0.3325616099999999
1.685000000000001 0.33252825999999996
1.6860000000000013 0.3324949099999999
1.6870000000000012 0.33246155999999993
1.688000000000001 0.33242820999999995
1.689000000000001 0.33239486
1.6900000000000013 0.3323615099999999
1.6910000000000012 0.33232815999999993
1.692000000000001 0.33229480999999994
1.693000000000001 0.33226146
1.6940000000000013 0.3322281099999999
1.6950000000000012 0.3321947599999999
1.696000000000001 0.33216140999999993
1.697000000000001 0.33212806
1.6980000000000013 0.33209470999999996
1.6990000000000012 0.3320613599999999
1.700000000000001 0.33202800999999993
1.701000000000001 0.33197875999999993
1.7020000000000013 0.3319295099999999
1.7030000000000012 0.3318802599999999
1.704000000000001 0.3318310099999999
1.705000000000001 0.3317817599999999
1.7060000000000013 0.3317325099999999
1.7070000000000012 0.3316832599999999
1.708000000000001 0.3316340099999999
1.709000000000001 0.3315847599999999
1.7100000000000013 0.3315355099999999
1.7110000000000012 0.3314862599999999
1.712000000000001 0.3314370099999999
1.713000000000001 0.3313877599999999
1.7140000000000013 0.3313385099999999
1.7150000000000012 0.3312892599999999
1.716000000000001 0.3312400099999999
1.717000000000001 0.3311907599999999
1.7180000000000013 0.3311415099999999
1.7190000000000012 0.3310922599999999
1.720000000000001 0.3310430099999999
1.721000000000001 0.330976909
1.7220000000000013 0.33091080799999995
1.7230000000000012 0.3308447069999999
1.724000000000001 0.3307786059999999
1.725000000000001 0.33071250499999993
1.7260000000000013 0.3306464039999999
1.7270000000000012 0.3305803029999999
1.728000000000001 0.330514202
1.729000000000001 0.33044810099999994
1.7300000000000013 0.3303819999999999
1.7310000000000012 0.3303158989999999
1.732000000000001 0.3302497979999999
1.733000000000001 0.33018369699999994
1.7340000000000013 0.3301175959999999
1.7350000000000012 0.330051495
1.736000000000001 0.32998539399999993
1.737000000000001 0.32991929299999995
1.7380000000000013 0.3298531919999999
1.7390000000000012 0.32978709099999987
1.740000000000001 0.32972098999999994
1.741000000000001 0.32966598999999996
1.7420000000000013 0.3296109899999999
1.7430000000000012 0.3295559899999999
1.744000000000001 0.32950098999999994
1.745000000000001 0.32944598999999997
1.7460000000000013 0.32939098999999994
1.7470000000000012 0.3293359899999999
1.748000000000001 0.32928098999999994
1.749000000000001 0.32922598999999997
1.7500000000000013 0.32917098999999994
1.7510000000000012 0.32911598999999997
1.7520000000000011 0.32906099
1.753000000000001 0.3290059899999999
1.7540000000000013 0.32895098999999994
1.7550000000000012 0.32889598999999997
1.7560000000000011 0.32884098999999994
1.757000000000001 0.3287859899999999
1.7580000000000013 0.32873098999999995
1.7590000000000012 0.3286759899999999
1.7600000000000011 0.32862098999999995
1.761000000000001 0.328575841
1.7620000000000013 0.32853069199999996
1.7630000000000012 0.328485543
1.7640000000000011 0.3284403939999999
1.765000000000001 0.32839524499999995
1.7660000000000013 0.3283500959999999
1.7670000000000012 0.32830494699999996
1.7680000000000011 0.328259798
1.769000000000001 0.32821464899999997
1.7700000000000014 0.3281695
1.7710000000000012 0.3281243509999999
1.7720000000000011 0.32807920199999996
1.773000000000001 0.328034053
1.7740000000000014 0.32798890399999997
1.7750000000000012 0.32794375499999995
1.7760000000000011 0.327898606
1.777000000000001 0.327853457
1.7780000000000014 0.327808308
1.7790000000000012 0.327763159
1.7800000000000011 0.32771800999999995
1.781000000000001 0.3276841605
1.7820000000000014 0.327650311
1.7830000000000013 0.32761646149999996
1.7840000000000011 0.327582612
1.785000000000001 0.32754876250000003
1.7860000000000014 0.32751491299999996
1.7870000000000013 0.3274810635
1.7880000000000011 0.327447214
1.789000000000001 0.32741336449999997
1.7900000000000014 0.32737951499999995
1.7910000000000013 0.3273456655
1.7920000000000011 0.327311816
1.793000000000001 0.32727796649999996
1.7940000000000014 0.327244117
1.7950000000000013 0.32721026749999993
1.7960000000000012 0.32717641799999997
1.797000000000001 0.3271425685
1.7980000000000014 0.32710871899999994
1.7990000000000013 0.3270748695
1.8000000000000012 0.3270410199999999
1.801000000000001 0.32699361849999997
1.8020000000000014 0.32694621699999993
1.8030000000000013 0.32689881549999994
1.8040000000000012 0.3268514139999999
1.805000000000001 0.32680401249999996
1.8060000000000014 0.3267566109999999
1.8070000000000013 0.32670920949999993
1.8080000000000012 0.32666180799999994
1.809000000000001 0.32661440649999995
1.8100000000000014 0.3265670049999999
1.8110000000000013 0.3265196035
1.8120000000000012 0.32647220199999993
1.813000000000001 0.32642480049999995
1.8140000000000014 0.3263773989999999
1.8150000000000013 0.32632999749999997
1.8160000000000012 0.3262825959999999
1.817000000000001 0.32623519449999994
1.8180000000000014 0.32618779299999995
1.8190000000000013 0.32614039149999996
1.8200000000000012 0.3260929899999999
1.821000000000001 0.32604209049999994
1.8220000000000014 0.32599119099999996
1.8230000000000013 0.3259402915
1.8240000000000012 0.3258893919999999
1.825000000000001 0.3258384924999999
1.8260000000000014 0.32578759299999993
1.8270000000000013 0.32573669349999995
1.8280000000000012 0.325685794
1.829000000000001 0.32563489449999994
1.8300000000000014 0.3255839949999999
1.8310000000000013 0.3255330954999999
1.8320000000000012 0.32548219599999995
1.833000000000001 0.32543129649999997
1.8340000000000014 0.32538039699999993
1.8350000000000013 0.32532949749999995
1.8360000000000012 0.3252785979999999
1.837000000000001 0.32522769849999994
1.8380000000000014 0.3251767989999999
1.8390000000000013 0.3251258994999999
1.8400000000000012 0.32507499999999995
1.841000000000001 0.32502014999999995
1.8420000000000014 0.3249652999999999
1.8430000000000013 0.3249104499999999
1.8440000000000012 0.3248555999999999
1.845000000000001 0.3248007499999999
1.8460000000000014 0.3247458999999999
1.8470000000000013 0.3246910499999999
1.8480000000000012 0.32463619999999993
1.849000000000001 0.32458134999999994
1.8500000000000014 0.32452649999999994
1.8510000000000013 0.3244716499999999
1.8520000000000012 0.3244167999999999
1.853000000000001 0.3243619499999999
1.8540000000000014 0.3243070999999999
1.8550000000000013 0.3242522499999999
1.8560000000000012 0.3241973999999999
1.857000000000001 0.3241425499999999
1.8580000000000014 0.3240876999999999
1.8590000000000013 0.3240328499999999
1.8600000000000012 0.32397799999999954
1.861000000000001 0.3236040499999996
1.8620000000000014 0.32323009999999947
1.8630000000000013 0.3228561499999995
1.8640000000000012 0.32248219999999955
1.865000000000001 0.3221082499999996
1.8660000000000014 0.3217342999999995
1.8670000000000013 0.3213603499999995
1.8680000000000012 0.32098639999999956
1.869000000000001 0.32061244999999955
1.8700000000000014 0.3202384999999995
1.8710000000000013 0.31986454999999947
1.8720000000000012 0.3194905999999995
1.873000000000001 0.31911664999999956
1.8740000000000014 0.31874269999999943
1.8750000000000013 0.3183687499999995
1.8760000000000012 0.31799479999999947
1.8770000000000011 0.3176208499999995
1.8780000000000014 0.31724689999999944
1.8790000000000013 0.31687294999999943
1.8800000000000012 0.3164989999999987
1.8810000000000011 0.3155057999999988
1.8820000000000014 0.3145125999999985
1.8830000000000013 0.31351939999999856
1.8840000000000012 0.31252619999999864
1.8850000000000011 0.3115329999999988
1.8860000000000015 0.3105397999999984
1.8870000000000013 0.30954659999999856
1.8880000000000012 0.30855339999999865
1.8890000000000011 0.3075601999999988
1.8900000000000015 0.3065669999999984
1.8910000000000013 0.30557379999999856
1.8920000000000012 0.3045805999999987
1.8930000000000011 0.3035873999999988
1.8940000000000015 0.3025941999999985
1.8950000000000014 0.30160099999999856
1.8960000000000012 0.30060779999999865
1.8970000000000011 0.2996145999999988
1.8980000000000015 0.2986213999999984
1.8990000000000014 0.29762819999999857
1.9000000000000012 0.29663499999999926
1.9010000000000011 0.29606169949999933
1.9020000000000015 0.29548839899999907
1.9030000000000014 0.29491509849999914
1.9040000000000012 0.29434179799999927
1.9050000000000011 0.2937684974999993
1.9060000000000015 0.2931951969999991
1.9070000000000014 0.29262189649999915
1.9080000000000013 0.2920485959999992
1.9090000000000011 0.2914752954999993
1.9100000000000015 0.2909019949999991
1.9110000000000014 0.29032869449999915
1.9120000000000013 0.2897553939999992
1.9130000000000011 0.2891820934999993
1.9140000000000015 0.2886087929999991
1.9150000000000014 0.28803549249999916
1.9160000000000013 0.28746219199999923
1.9170000000000011 0.2868888914999993
1.9180000000000015 0.2863155909999991
1.9190000000000014 0.28574229049999916
1.9200000000000013 0.28516899000000007
1.9210000000000012 0.2852393905000001
1.9220000000000015 0.2853097910000001
1.9230000000000014 0.28538019150000005
1.9240000000000013 0.28545059200000006
1.9250000000000012 0.28552099250000007
1.9260000000000015 0.2855913930000001
1.9270000000000014 0.2856617935000001
1.9280000000000013 0.28573219400000005
1.9290000000000012 0.28580259450000006
1.9300000000000015 0.28587299500000013
1.9310000000000014 0.2859433955000001
1.9320000000000013 0.2860137960000001
1.9330000000000012 0.28608419650000005
1.9340000000000015 0.2861545970000001
1.9350000000000014 0.2862249975000001
1.9360000000000013 0.2862953980000001
1.9370000000000012 0.2863657985000001
1.9380000000000015 0.28643619900000006
1.9390000000000014 0.28650659950000007
1.9400000000000013 0.28657700000000025
1.9410000000000012 0.2867975505000003
1.9420000000000015 0.2870181010000003
1.9430000000000014 0.2872386515000003
1.9440000000000013 0.2874592020000003
1.9450000000000012 0.2876797525000003
1.9460000000000015 0.28790030300000036
1.9470000000000014 0.28812085350000033
1.9480000000000013 0.2883414040000003
1.9490000000000012 0.2885619545000003
1.9500000000000015 0.28878250500000036
1.9510000000000014 0.2890030555000003
1.9520000000000013 0.2892236060000003
1.9530000000000012 0.28944415650000027
1.9540000000000015 0.28966470700000035
1.9550000000000014 0.2898852575000003
1.9560000000000013 0.2901058080000003
1.9570000000000012 0.29032635850000027
1.9580000000000015 0.29054690900000035
1.9590000000000014 0.2907674595000003
1.9600000000000013 0.29098801000000035
1.9610000000000012 0.2912224095000003
1.9620000000000015 0.29145680900000037
1.9630000000000014 0.29169120850000035
1.9640000000000013 0.29192560800000034
1.9650000000000012 0.2921600075000003
1.9660000000000015 0.2923944070000004
1.9670000000000014 0.29262880650000034
1.9680000000000013 0.2928632060000003
1.9690000000000012 0.2930976055000003
1.9700000000000015 0.29333200500000034
1.9710000000000014 0.2935664045000003
1.9720000000000013 0.2938008040000003
1.9730000000000012 0.2940352035000003
1.9740000000000015 0.2942696030000004
1.9750000000000014 0.2945040025000003
1.9760000000000013 0.2947384020000003
1.9770000000000012 0.29497280150000027
1.9780000000000015 0.29520720100000036
1.9790000000000014 0.29544160050000035
1.9800000000000013 0.2956760000000003
1.9810000000000012 0.2959370505000003
1.9820000000000015 0.29619810100000044
1.9830000000000014 0.29645915150000035
1.9840000000000013 0.2967202020000003
1.9850000000000012 0.29698125250000035
1.9860000000000015 0.29724230300000043
1.9870000000000014 0.29750335350000034
1.9880000000000013 0.2977644040000003
1.9890000000000012 0.29802545450000034
1.9900000000000015 0.2982865050000004
1.9910000000000014 0.2985475555000004
1.9920000000000013 0.29880860600000037
1.9930000000000012 0.29906965650000034
1.9940000000000015 0.2993307070000004
1.9950000000000014 0.2995917575000004
1.9960000000000013 0.29985280800000036
1.9970000000000012 0.30011385850000033
1.9980000000000016 0.3003749090000004
1.9990000000000014 0.3006359595000004
2.0000000000000013 0.30089701000000024
2.0010000000000012 0.30108410950000025
2.0020000000000016 0.3012712090000003
2.0030000000000014 0.30145830850000027
2.0040000000000013 0.3016454080000003
2.0050000000000012 0.30183250750000024
2.0060000000000016 0.3020196070000003
2.0070000000000014 0.30220670650000026
2.0080000000000013 0.30239380600000026
2.0090000000000012 0.3025809055000002
2.0100000000000016 0.3027680050000003
2.0110000000000015 0.3029551045000003
2.0120000000000013 0.30314220400000025
2.0130000000000012 0.3033293035000002
2.0140000000000016 0.30351640300000027
2.0150000000000015 0.3037035025000003
2.0160000000000013 0.30389060200000023
2.0170000000000012 0.30407770150000024
2.0180000000000016 0.30426480100000025
2.0190000000000015 0.30445190050000026
2.0200000000000014 0.30463900000000016
2.0210000000000012 0.30477869950000014
2.0220000000000016 0.3049183990000002
2.0230000000000015 0.3050580985000002
2.0240000000000014 0.3051977980000002
2.0250000000000012 0.30533749750000017
2.0260000000000016 0.3054771970000002
2.0270000000000015 0.3056168965000002
2.0280000000000014 0.3057565960000002
2.0290000000000012 0.30589629550000014
2.0300000000000016 0.3060359950000002
2.0310000000000015 0.3061756945000002
2.0320000000000014 0.3063153940000002
2.0330000000000013 0.30645509350000016
2.0340000000000016 0.3065947930000002
2.0350000000000015 0.3067344925000002
2.0360000000000014 0.3068741920000002
2.0370000000000013 0.3070138915000002
2.0380000000000016 0.3071535910000002
2.0390000000000015 0.3072932905000002
2.0400000000000014 0.30743299000000013
2.0410000000000013 0.3075382405000001
2.0420000000000016 0.30764349100000016
2.0430000000000015 0.30774874150000014
2.0440000000000014 0.30785399200000013
2.0450000000000013 0.3079592425000001
2.0460000000000016 0.30806449300000016
2.0470000000000015 0.30816974350000015
2.0480000000000014 0.30827499400000014
2.0490000000000013 0.3083802445000001
2.0500000000000016 0.30848549500000016
2.0510000000000015 0.30859074550000015
2.0520000000000014 0.30869599600000014
2.0530000000000013 0.3088012465000001
2.0540000000000016 0.30890649700000017
2.0550000000000015 0.30901174750000016
2.0560000000000014 0.30911699800000014
2.0570000000000013 0.30922224850000013
2.0580000000000016 0.3093274990000002
2.0590000000000015 0.30943274950000016
2.0600000000000014 0.3095380000000001
2.0610000000000013 0.3096063995000001
2.0620000000000016 0.3096747990000001
2.0630000000000015 0.3097431985000001
2.0640000000000014 0.30981159800000013
2.0650000000000013 0.3098799975000001
2.0660000000000016 0.3099483970000001
2.0670000000000015 0.3100167965000001
2.0680000000000014 0.3100851960000001
2.0690000000000013 0.3101535955000001
2.0700000000000016 0.3102219950000001
2.0710000000000015 0.3102903945000001
2.0720000000000014 0.3103587940000001
2.0730000000000013 0.3104271935000001
2.0740000000000016 0.3104955930000001
2.0750000000000015 0.3105639925000001
2.0760000000000014 0.3106323920000001
2.0770000000000013 0.3107007915000001
2.0780000000000016 0.3107691910000001
2.0790000000000015 0.3108375905000001
2.0800000000000014 0.3109059900000001
2.0810000000000013 0.31094669100000005
2.0820000000000016 0.3109873920000001
2.0830000000000015 0.31102809300000006
2.0840000000000014 0.3110687940000001
2.0850000000000013 0.31110949500000007
2.0860000000000016 0.31115019600000005
2.0870000000000015 0.3111908970000001
2.0880000000000014 0.31123159800000005
2.0890000000000013 0.3112722990000001
2.0900000000000016 0.31131300000000006
2.0910000000000015 0.31135370100000004
2.0920000000000014 0.31139440200000007
2.0930000000000013 0.31143510300000005
2.0940000000000016 0.3114758040000001
2.0950000000000015 0.31151650500000005
2.0960000000000014 0.31155720600000003
2.0970000000000013 0.31159790700000006
2.0980000000000016 0.3116386080000001
2.0990000000000015 0.31167930900000007
2.1000000000000014 0.31172001
2.1010000000000013 0.31173216000000004
2.1020000000000016 0.31174431
2.1030000000000015 0.31175646
2.1040000000000014 0.31176861
2.1050000000000013 0.31178076
2.1060000000000016 0.31179291000000003
2.1070000000000015 0.31180506
2.1080000000000014 0.31181721
2.1090000000000013 0.31182936
2.1100000000000017 0.31184151000000004
2.1110000000000015 0.31185366000000003
2.1120000000000014 0.31186581
2.1130000000000013 0.31187796
2.1140000000000017 0.31189011
2.1150000000000015 0.31190226
2.1160000000000014 0.31191441000000003
2.1170000000000013 0.31192656
2.1180000000000017 0.31193871
2.1190000000000015 0.31195086
2.1200000000000014 0.31196301
2.1210000000000013 0.3119630595
2.1220000000000017 0.311963109
2.1230000000000016 0.3119631585
2.1240000000000014 0.311963208
2.1250000000000013 0.3119632575
2.1260000000000017 0.311963307
2.1270000000000016 0.31196335649999996
2.1280000000000014 0.311963406
2.1290000000000013 0.3119634555
2.1300000000000017 0.31196350500000003
2.1310000000000016 0.31196355449999996
2.1320000000000014 0.311963604
2.1330000000000013 0.3119636535
2.1340000000000017 0.31196370300000004
2.1350000000000016 0.31196375249999997
2.1360000000000015 0.311963802
2.1370000000000013 0.3119638515
2.1380000000000017 0.31196390100000004
2.1390000000000016 0.3119639505
2.1400000000000015 0.3119639999999999
2.1410000000000013 0.31191034999999995
2.1420000000000017 0.31185669999999993
2.1430000000000016 0.3118030499999999
2.1440000000000015 0.3117493999999999
2.1450000000000014 0.31169574999999994
2.1460000000000017 0.3116420999999999
2.1470000000000016 0.3115884499999999
2.1480000000000015 0.3115347999999999
2.1490000000000014 0.31148114999999993
2.1500000000000017 0.3114274999999999
2.1510000000000016 0.3113738499999999
2.1520000000000015 0.31132019999999994
2.1530000000000014 0.3112665499999999
2.1540000000000017 0.3112128999999999
2.1550000000000016 0.3111592499999999
2.1560000000000015 0.3111055999999999
2.1570000000000014 0.3110519499999999
2.1580000000000017 0.3109982999999999
2.1590000000000016 0.31094464999999993
2.1600000000000015 0.3108909999999999
2.1610000000000014 0.3108250999999999
2.1620000000000017 0.3107591999999999
2.1630000000000016 0.3106932999999999
2.1640000000000015 0.3106273999999999
2.1650000000000014 0.31056149999999993
2.1660000000000017 0.31049559999999987
2.1670000000000016 0.3104296999999999
2.1680000000000015 0.3103637999999999
2.1690000000000014 0.3102978999999999
2.1700000000000017 0.3102319999999999
2.1710000000000016 0.3101660999999999
2.1720000000000015 0.3101001999999999
2.1730000000000014 0.31003429999999993
2.1740000000000017 0.30996839999999987
2.1750000000000016 0.3099024999999999
2.1760000000000015 0.3098365999999999
2.1770000000000014 0.3097706999999999
2.1780000000000017 0.3097047999999999
2.1790000000000016 0.30963889999999994
2.1800000000000015 0.3095729999999998
2.1810000000000014 0.3094302999999998
2.1820000000000017 0.3092875999999998
2.1830000000000016 0.3091448999999998
2.1840000000000015 0.3090021999999998
2.1850000000000014 0.30885949999999984
2.1860000000000017 0.3087167999999998
2.1870000000000016 0.3085740999999998
2.1880000000000015 0.3084313999999998
2.1890000000000014 0.30828869999999986
2.1900000000000017 0.30814599999999975
2.1910000000000016 0.3080032999999998
2.1920000000000015 0.3078605999999998
2.1930000000000014 0.3077178999999998
2.1940000000000017 0.30757519999999977
2.1950000000000016 0.3074324999999998
2.1960000000000015 0.30728979999999984
2.1970000000000014 0.30714709999999984
2.1980000000000017 0.3070043999999998
2.1990000000000016 0.3068616999999998
2.2000000000000015 0.30671899999999996
2.2010000000000014 0.30665544999999994
2.2020000000000017 0.3065918999999999
2.2030000000000016 0.30652834999999995
2.2040000000000015 0.3064647999999999
2.2050000000000014 0.30640124999999996
2.2060000000000017 0.30633769999999994
2.2070000000000016 0.3062741499999999
2.2080000000000015 0.30621059999999994
2.2090000000000014 0.3061470499999999
2.2100000000000017 0.3060834999999999
2.2110000000000016 0.30601994999999993
2.2120000000000015 0.3059563999999999
2.2130000000000014 0.30589284999999994
2.2140000000000017 0.3058292999999999
2.2150000000000016 0.3057657499999999
2.2160000000000015 0.3057021999999999
2.2170000000000014 0.3056386499999999
2.2180000000000017 0.3055750999999999
2.2190000000000016 0.3055115499999999
2.2200000000000015 0.30544799999999994
2.2210000000000014 0.30538864999999993
2.2220000000000018 0.3053292999999999
2.2230000000000016 0.3052699499999999
2.2240000000000015 0.3052105999999999
2.2250000000000014 0.30515124999999993
2.2260000000000018 0.3050918999999999
2.2270000000000016 0.3050325499999999
2.2280000000000015 0.3049731999999999
2.2290000000000014 0.30491384999999993
2.2300000000000018 0.3048544999999999
2.2310000000000016 0.3047951499999999
2.2320000000000015 0.3047357999999999
2.2330000000000014 0.30467644999999993
2.2340000000000018 0.3046170999999999
2.2350000000000017 0.3045577499999999
2.2360000000000015 0.30449839999999995
2.2370000000000014 0.30443904999999993
2.2380000000000018 0.3043796999999999
2.2390000000000017 0.3043203499999999
2.2400000000000015 0.3042609999999999
2.2410000000000014 0.3041729994999999
2.2420000000000018 0.30408499899999986
2.2430000000000017 0.3039969984999999
2.2440000000000015 0.3039089979999999
2.2450000000000014 0.30382099749999986
2.2460000000000018 0.30373299699999984
2.2470000000000017 0.3036449964999999
2.2480000000000016 0.30355699599999986
2.2490000000000014 0.3034689954999999
2.2500000000000018 0.3033809949999998
2.2510000000000017 0.30329299449999986
2.2520000000000016 0.30320499399999984
2.2530000000000014 0.3031169934999999
2.254000000000002 0.3030289929999998
2.2550000000000017 0.30294099249999984
2.2560000000000016 0.3028529919999998
2.2570000000000014 0.30276499149999986
2.258000000000002 0.3026769909999998
2.2590000000000017 0.3025889904999998
2.2600000000000016 0.3025009899999998
2.2610000000000015 0.3023910904999998
2.262000000000002 0.3022811909999998
2.2630000000000017 0.3021712914999998
2.2640000000000016 0.3020613919999998
2.2650000000000015 0.3019514924999998
2.266000000000002 0.30184159299999974
2.2670000000000017 0.3017316934999998
2.2680000000000016 0.30162179399999983
2.2690000000000015 0.3015118944999998
2.270000000000002 0.30140199499999976
2.2710000000000017 0.3012920954999998
2.2720000000000016 0.30118219599999985
2.2730000000000015 0.30107229649999984
2.274000000000002 0.30096239699999977
2.2750000000000017 0.30085249749999976
2.2760000000000016 0.3007425979999998
2.2770000000000015 0.30063269849999985
2.278000000000002 0.3005227989999998
2.2790000000000017 0.3004128994999998
2.2800000000000016 0.30030299999999965
2.2810000000000015 0.30009839949999967
2.282000000000002 0.29989379899999963
2.2830000000000017 0.29968919849999964
2.2840000000000016 0.2994845979999996
2.2850000000000015 0.2992799974999997
2.286000000000002 0.2990753969999996
2.2870000000000017 0.2988707964999996
2.2880000000000016 0.29866619599999966
2.2890000000000015 0.2984615954999997
2.290000000000002 0.2982569949999996
2.2910000000000017 0.29805239449999965
2.2920000000000016 0.29784779399999967
2.2930000000000015 0.2976431934999997
2.294000000000002 0.29743859299999964
2.2950000000000017 0.2972339924999996
2.2960000000000016 0.2970293919999996
2.2970000000000015 0.2968247914999997
2.298000000000002 0.2966201909999996
2.2990000000000017 0.2964155904999996
2.3000000000000016 0.2962109900000003
2.3010000000000015 0.29635824050000026
2.302000000000002 0.2965054910000003
2.3030000000000017 0.2966527415000003
2.3040000000000016 0.29679999200000023
2.3050000000000015 0.29694724250000026
2.306000000000002 0.2970944930000003
2.3070000000000017 0.2972417435000003
2.3080000000000016 0.29738899400000024
2.3090000000000015 0.29753624450000027
2.310000000000002 0.2976834950000003
2.3110000000000017 0.2978307455000003
2.3120000000000016 0.29797799600000024
2.3130000000000015 0.2981252465000003
2.314000000000002 0.2982724970000003
2.3150000000000017 0.29841974750000033
2.3160000000000016 0.29856699800000025
2.3170000000000015 0.2987142485000003
2.318000000000002 0.2988614990000003
2.3190000000000017 0.2990087495000003
2.3200000000000016 0.29915599999999976
2.3210000000000015 0.2990150494999998
2.322000000000002 0.2988740989999997
2.3230000000000017 0.29873314849999977
2.3240000000000016 0.29859219799999975
2.3250000000000015 0.2984512474999998
2.326000000000002 0.2983102969999997
2.3270000000000017 0.29816934649999977
2.3280000000000016 0.29802839599999975
2.3290000000000015 0.29788744549999974
2.330000000000002 0.2977464949999997
2.3310000000000017 0.2976055444999997
2.3320000000000016 0.29746459399999975
2.3330000000000015 0.29732364349999973
2.334000000000002 0.2971826929999997
2.3350000000000017 0.2970417424999997
2.3360000000000016 0.29690079199999975
2.3370000000000015 0.2967598414999998
2.338000000000002 0.2966188909999997
2.3390000000000017 0.29647794049999976
2.3400000000000016 0.29633699
2.3410000000000015 0.29634264050000003
2.342000000000002 0.296348291
2.3430000000000017 0.2963539415
2.3440000000000016 0.296359592
2.3450000000000015 0.2963652425
2.346000000000002 0.29637089299999997
2.3470000000000018 0.29637654350000003
2.3480000000000016 0.296382194
2.3490000000000015 0.2963878445
2.350000000000002 0.296393495
2.3510000000000018 0.2963991455
2.3520000000000016 0.29640479599999997
2.3530000000000015 0.29641044650000004
2.354000000000002 0.296416097
2.3550000000000018 0.2964217475
2.3560000000000016 0.296427398
2.3570000000000015 0.2964330485
2.358000000000002 0.296438699
2.3590000000000018 0.2964443495
2.3600000000000017 0.2964499999999999
2.3610000000000015 0.29639985049999995
2.362000000000002 0.2963497009999999
2.3630000000000018 0.2962995514999999
2.3640000000000017 0.2962494019999999
2.3650000000000015 0.2961992524999999
2.366000000000002 0.2961491029999999
2.3670000000000018 0.29609895349999993
2.3680000000000017 0.29604880399999994
2.3690000000000015 0.2959986544999999
2.370000000000002 0.2959485049999999
2.3710000000000018 0.2958983554999999
2.3720000000000017 0.2958482059999999
2.3730000000000016 0.2957980564999999
2.374000000000002 0.2957479069999999
2.3750000000000018 0.29569775749999994
2.3760000000000017 0.2956476079999999
2.3770000000000016 0.2955974584999999
2.378000000000002 0.29554730899999987
2.379000000000002 0.2954971594999999
2.3800000000000017 0.2954470099999995
2.3810000000000016 0.29519585949999955
2.382000000000002 0.29494470899999947
2.383000000000002 0.2946935584999995
2.3840000000000017 0.29444240799999954
2.3850000000000016 0.2941912574999996
2.386000000000002 0.2939401069999995
2.387000000000002 0.29368895649999954
2.3880000000000017 0.2934378059999996
2.3890000000000016 0.2931866554999996
2.390000000000002 0.2929355049999995
2.391000000000002 0.2926843544999995
2.3920000000000017 0.29243320399999956
2.3930000000000016 0.2921820534999996
2.394000000000002 0.2919309029999995
2.395000000000002 0.2916797524999995
2.3960000000000017 0.29142860199999954
2.3970000000000016 0.2911774514999996
2.398000000000002 0.2909263009999995
2.399000000000002 0.29067515049999954
2.4000000000000017 0.29042399999999946