3.400 3.400 0 0.940 0
4.600 3.400 0 1.045 29
5.800 3.400 0 1.015 58
7.000 3.400 0 0.985 87
8.200 3.400 0 0.955 116
9.400 3.400 0 1.060 145
10.600 3.400 0 1.030 174
11.800 3.400 0 1.000 203
13.000 3.400 0 0.970 232
14.200 3.400 0 0.940 261
15.400 3.400 0 1.045 290
16.600 3.400 0 1.015 319
3.400 4.600 0 1.000 17
4.600 4.600 0 0.970 46
5.800 4.600 0 0.940 75
7.000 4.600 0 1.045 104
8.200 4.600 0 1.015 133
9.400 4.600 0 0.985 162
10.600 4.600 0 0.955 191
11.800 4.600 0 1.060 220
13.000 4.600 0 1.030 249
14.200 4.600 0 1.000 278
15.400 4.600 0 0.970 307
16.600 4.600 0 0.940 336
3.400 5.800 0 1.060 34
4.600 5.800 0 1.030 63
5.800 5.800 0 1.000 92
7.000 5.800 0 0.970 121
8.200 5.800 0 0.940 150
9.400 5.800 0 1.045 179
10.600 5.800 0 1.015 208
11.800 5.800 0 0.985 237
13.000 5.800 0 0.955 266
14.200 5.800 0 1.060 295
15.400 5.800 0 1.030 324
16.600 5.800 0 1.000 353
3.400 7.000 0 0.985 51
4.600 7.000 0 0.955 80
5.800 7.000 0 1.060 109
7.000 7.000 0 1.030 138
8.200 7.000 0 1.000 167
9.400 7.000 0 0.970 196
10.600 7.000 0 0.940 225
11.800 7.000 0 1.045 254
13.000 7.000 0 1.015 283
14.200 7.000 0 0.985 312
15.400 7.000 0 0.955 341
16.600 7.000 0 1.060 10
3.400 8.200 0 1.045 68
4.600 8.200 0 1.015 97
5.800 8.200 0 0.985 126
7.000 8.200 0 0.955 155
8.200 8.200 0 1.060 184
9.400 8.200 0 1.030 213
10.600 8.200 0 1.000 242
11.800 8.200 0 0.970 271
13.000 8.200 0 0.940 300
14.200 8.200 0 1.045 329
15.400 8.200 0 1.015 358
16.600 8.200 0 0.985 27
3.400 9.400 0 0.970 85
4.600 9.400 0 0.940 114
5.800 9.400 0 1.045 143
7.000 9.400 0 1.015 172
8.200 9.400 0 0.985 201
9.400 9.400 0 0.955 230
10.600 9.400 0 1.060 259
11.800 9.400 0 1.030 288
13.000 9.400 0 1.000 317
14.200 9.400 0 0.970 346
15.400 9.400 0 0.940 15
16.600 9.400 0 1.045 44
3.400 10.600 0 1.030 102
4.600 10.600 0 1.000 131
5.800 10.600 0 0.970 160
7.000 10.600 0 0.940 189
8.200 10.600 0 1.045 218
9.400 10.600 0 1.015 247
10.600 10.600 0 0.985 276
11.800 10.600 0 0.955 305
13.000 10.600 0 1.060 334
14.200 10.600 0 1.030 3
15.400 10.600 0 1.000 32
16.600 10.600 0 0.970 61
3.400 11.800 0 0.955 119
4.600 11.800 0 1.060 148
5.800 11.800 0 1.030 177
7.000 11.800 0 1.000 206
8.200 11.800 0 0.970 235
9.400 11.800 0 0.940 264
10.600 11.800 0 1.045 293
11.800 11.800 0 1.015 322
13.000 11.800 0 0.985 351
14.200 11.800 0 0.955 20
15.400 11.800 0 1.060 49
16.600 11.800 0 1.030 78
3.400 13.000 0 1.015 136
4.600 13.000 0 0.985 165
5.800 13.000 0 0.955 194
7.000 13.000 0 1.060 223
8.200 13.000 0 1.030 252
9.400 13.000 0 1.000 281
10.600 13.000 0 0.970 310
11.800 13.000 0 0.940 339
13.000 13.000 0 1.045 8
14.200 13.000 0 1.015 37
15.400 13.000 0 0.985 66
16.600 13.000 0 0.955 95
3.400 14.200 0 0.940 153
4.600 14.200 0 1.045 182
5.800 14.200 0 1.015 211
7.000 14.200 0 0.985 240
8.200 14.200 0 0.955 269
9.400 14.200 0 1.060 298
10.600 14.200 0 1.030 327
11.800 14.200 0 1.000 356
13.000 14.200 0 0.970 25
14.200 14.200 0 0.940 54
15.400 14.200 0 1.045 83
16.600 14.200 0 1.015 112
3.400 15.400 0 1.000 170
4.600 15.400 0 0.970 199
5.800 15.400 0 0.940 228
7.000 15.400 0 1.045 257
8.200 15.400 0 1.015 286
9.400 15.400 0 0.985 315
10.600 15.400 0 0.955 344
11.800 15.400 0 1.060 13
13.000 15.400 0 1.030 42
14.200 15.400 0 1.000 71
15.400 15.400 0 0.970 100
16.600 15.400 0 0.940 129
3.400 16.600 0 1.060 187
4.600 16.600 0 1.030 216
5.800 16.600 0 1.000 245
7.000 16.600 0 0.970 274
8.200 16.600 0 0.940 303
9.400 16.600 0 1.045 332
10.600 16.600 0 1.015 1
11.800 16.600 0 0.985 30
13.000 16.600 0 0.955 59
14.200 16.600 0 1.060 88
15.400 16.600 0 1.030 117
16.600 16.600 0 1.000 146
